date,Medical Research,Telecommunications Equipment,Internet Infrastructure,Industrial Automation,Virtual Reality Technology,Cloud Computing,Sustainable Agriculture,Ocean Technology,Wearable Technology,Wireless Technology,Country,year,month
2005-01-01,85,100,0,93,69,100,71,90,0,89,US,2005,1
2005-02-01,90,91,0,100,43,89,79,92,0,75,US,2005,2
2005-03-01,100,90,0,94,45,82,75,90,0,71,US,2005,3
2005-04-01,95,78,0,87,47,74,89,91,0,71,US,2005,4
2005-05-01,87,74,0,89,50,71,78,91,0,71,US,2005,5
2005-06-01,74,80,0,77,79,69,70,92,0,75,US,2005,6
2005-07-01,75,78,0,75,61,65,74,97,0,79,US,2005,7
2005-08-01,79,85,0,86,65,78,82,100,0,81,US,2005,8
2005-09-01,83,83,0,79,100,66,76,88,0,78,US,2005,9
2005-10-01,82,74,0,78,33,62,80,78,0,71,US,2005,10
2005-11-01,86,87,0,84,35,70,72,81,0,81,US,2005,11
2005-12-01,67,78,0,71,28,71,62,69,0,80,US,2005,12
2006-01-01,79,77,0,84,62,61,66,87,0,74,US,2006,1
2006-02-01,81,76,0,82,37,59,65,96,0,78,US,2006,2
2006-03-01,85,71,0,81,46,58,76,85,0,73,US,2006,3
2006-04-01,79,68,0,75,39,53,76,77,0,73,US,2006,4
2006-05-01,71,64,0,69,42,51,69,74,0,70,US,2006,5
2006-06-01,69,68,0,73,78,53,73,91,0,79,US,2006,6
2006-07-01,73,65,0,67,65,54,69,91,0,80,US,2006,7
2006-08-01,75,65,0,73,64,57,69,93,0,82,US,2006,8
2006-09-01,71,62,0,69,83,51,77,79,0,73,US,2006,9
2006-10-01,69,56,0,67,30,46,72,79,0,66,US,2006,10
2006-11-01,74,59,0,64,28,46,62,66,0,74,US,2006,11
2006-12-01,61,64,0,61,26,53,58,68,0,83,US,2006,12
2007-01-01,75,61,0,69,63,51,59,80,0,77,US,2007,1
2007-02-01,71,63,0,69,35,48,61,73,0,71,US,2007,2
2007-03-01,69,66,0,69,48,46,70,75,0,72,US,2007,3
2007-04-01,69,56,0,69,36,45,74,75,0,68,US,2007,4
2007-05-01,59,58,0,62,38,40,66,75,0,67,US,2007,5
2007-06-01,58,55,0,59,67,40,65,73,0,78,US,2007,6
2007-07-01,57,54,0,60,70,43,62,76,0,80,US,2007,7
2007-08-01,62,58,0,62,59,47,66,86,0,78,US,2007,8
2007-09-01,59,51,0,57,70,39,65,67,0,66,US,2007,9
2007-10-01,63,53,0,62,30,40,70,91,0,75,US,2007,10
2007-11-01,61,49,0,56,31,40,58,70,0,77,US,2007,11
2007-12-01,51,53,0,52,29,39,51,62,0,76,US,2007,12
2008-01-01,57,52,0,63,63,39,54,69,0,72,US,2008,1
2008-02-01,60,52,0,63,30,42,57,68,0,70,US,2008,2
2008-03-01,55,46,0,56,35,37,57,63,0,65,US,2008,3
2008-04-01,60,45,0,58,34,35,65,66,0,60,US,2008,4
2008-05-01,52,48,0,52,41,37,64,65,0,70,US,2008,5
2008-06-01,49,42,0,49,71,35,57,57,0,75,US,2008,6
2008-07-01,52,45,0,50,60,37,55,72,0,85,US,2008,7
2008-08-01,51,49,0,53,54,41,57,71,0,80,US,2008,8
2008-09-01,49,40,0,49,55,32,55,61,0,74,US,2008,9
2008-10-01,53,38,0,57,25,32,60,62,0,75,US,2008,10
2008-11-01,46,40,0,46,22,36,47,62,0,71,US,2008,11
2008-12-01,42,43,0,44,19,39,43,53,0,77,US,2008,12
2009-01-01,42,38,0,48,43,35,45,50,0,64,US,2009,1
2009-02-01,49,40,0,49,31,34,48,60,0,67,US,2009,2
2009-03-01,56,41,0,49,30,36,57,60,0,62,US,2009,3
2009-04-01,55,39,0,49,31,37,61,63,0,65,US,2009,4
2009-05-01,46,35,0,40,38,28,56,51,0,61,US,2009,5
2009-06-01,41,35,0,40,66,26,47,59,0,69,US,2009,6
2009-07-01,41,36,0,40,52,28,51,57,0,64,US,2009,7
2009-08-01,44,35,0,39,40,29,49,59,0,67,US,2009,8
2009-09-01,42,34,0,44,78,27,50,52,0,65,US,2009,9
2009-10-01,45,35,0,41,22,27,50,49,0,66,US,2009,10
2009-11-01,43,36,0,42,23,30,47,52,0,66,US,2009,11
2009-12-01,36,36,0,36,18,29,41,46,0,65,US,2009,12
2010-01-01,38,34,0,39,42,31,42,50,0,64,US,2010,1
2010-02-01,41,34,0,40,25,26,44,50,0,58,US,2010,2
2010-03-01,45,34,0,44,26,29,50,52,0,60,US,2010,3
2010-04-01,43,32,0,41,22,25,55,52,0,60,US,2010,4
2010-05-01,37,31,0,37,34,21,47,49,0,60,US,2010,5
2010-06-01,39,30,0,38,55,24,45,58,0,72,US,2010,6
2010-07-01,37,32,0,36,32,25,46,56,0,88,US,2010,7
2010-08-01,41,32,0,38,34,28,50,58,0,93,US,2010,8
2010-09-01,45,31,0,38,62,23,48,50,0,85,US,2010,9
2010-10-01,44,29,0,37,22,21,52,48,0,80,US,2010,10
2010-11-01,41,31,0,39,22,23,48,47,0,81,US,2010,11
2010-12-01,30,30,0,33,18,23,40,43,0,84,US,2010,12
2011-01-01,41,34,0,39,47,22,47,47,0,83,US,2011,1
2011-02-01,45,35,0,42,24,22,50,51,0,85,US,2011,2
2011-03-01,39,33,0,41,32,21,52,48,0,75,US,2011,3
2011-04-01,44,36,0,42,29,23,60,53,0,78,US,2011,4
2011-05-01,43,34,0,39,40,21,59,51,0,77,US,2011,5
2011-06-01,41,30,0,37,66,20,52,55,0,77,US,2011,6
2011-07-01,44,33,0,40,41,20,54,60,0,86,US,2011,7
2011-08-01,41,32,0,38,36,19,51,55,0,80,US,2011,8
2011-09-01,46,32,0,37,68,18,58,50,0,81,US,2011,9
2011-10-01,42,31,0,37,21,18,59,47,0,88,US,2011,10
2011-11-01,41,31,0,37,22,18,48,43,0,75,US,2011,11
2011-12-01,31,33,0,36,19,18,47,41,0,84,US,2011,12
2012-01-01,42,31,0,41,45,20,46,52,0,74,US,2012,1
2012-02-01,42,33,0,40,24,17,49,48,0,69,US,2012,2
2012-03-01,40,30,0,39,30,16,55,49,0,69,US,2012,3
2012-04-01,44,31,0,41,24,16,63,57,0,76,US,2012,4
2012-05-01,39,28,0,41,31,16,52,51,0,68,US,2012,5
2012-06-01,37,29,0,38,57,16,54,53,0,67,US,2012,6
2012-07-01,34,27,0,37,49,18,50,55,0,65,US,2012,7
2012-08-01,38,27,0,36,45,17,50,55,0,72,US,2012,8
2012-09-01,46,29,0,38,55,17,57,49,0,100,US,2012,9
2012-10-01,44,28,0,41,21,16,55,51,0,71,US,2012,10
2012-11-01,39,28,0,36,18,16,45,43,0,69,US,2012,11
2012-12-01,35,29,0,36,18,16,44,46,0,75,US,2012,12
2013-01-01,36,25,85,37,36,16,42,40,80,61,US,2013,1
2013-02-01,40,28,95,41,22,16,50,48,81,63,US,2013,2
2013-03-01,37,27,90,39,30,15,53,46,86,61,US,2013,3
2013-04-01,40,27,87,37,23,15,56,49,75,60,US,2013,4
2013-05-01,36,25,72,35,29,14,54,48,77,63,US,2013,5
2013-06-01,35,26,82,34,59,13,55,49,84,60,US,2013,6
2013-07-01,33,23,100,33,46,15,51,48,78,58,US,2013,7
2013-08-01,38,26,91,38,42,14,54,51,80,60,US,2013,8
2013-09-01,41,23,81,33,52,15,53,51,74,63,US,2013,9
2013-10-01,36,24,90,38,21,16,54,45,72,60,US,2013,10
2013-11-01,36,24,75,34,19,15,46,41,94,58,US,2013,11
2013-12-01,30,26,73,34,16,15,41,44,100,58,US,2013,12
2014-01-01,36,25,76,37,43,16,49,49,88,54,US,2014,1
2014-02-01,37,25,73,38,21,14,48,45,75,54,US,2014,2
2014-03-01,34,25,74,35,27,14,52,45,76,48,US,2014,3
2014-04-01,37,24,82,36,22,16,58,49,69,49,US,2014,4
2014-05-01,34,22,73,34,28,14,57,52,67,50,US,2014,5
2014-06-01,32,23,69,32,45,14,50,48,72,50,US,2014,6
2014-07-01,31,23,70,33,37,12,47,54,68,50,US,2014,7
2014-08-01,36,24,72,31,40,15,60,49,73,55,US,2014,8
2014-09-01,39,23,65,32,42,14,48,49,62,68,US,2014,9
2014-10-01,38,23,72,34,21,15,54,45,62,49,US,2014,10
2014-11-01,32,21,62,32,18,14,49,40,71,47,US,2014,11
2014-12-01,26,22,59,28,14,15,41,41,91,52,US,2014,12
2015-01-01,28,21,63,31,30,14,36,43,64,45,US,2015,1
2015-02-01,32,23,65,34,20,14,42,44,61,44,US,2015,2
2015-03-01,28,22,62,33,23,13,48,46,60,46,US,2015,3
2015-04-01,33,23,61,33,20,11,50,45,59,44,US,2015,4
2015-05-01,30,20,56,29,25,11,49,43,56,41,US,2015,5
2015-06-01,27,19,57,27,36,11,47,44,58,39,US,2015,6
2015-07-01,28,19,57,27,44,11,45,49,57,39,US,2015,7
2015-08-01,29,22,56,27,26,11,45,45,56,39,US,2015,8
2015-09-01,33,20,56,28,59,11,51,43,56,42,US,2015,9
2015-10-01,31,21,58,31,15,11,50,47,56,40,US,2015,10
2015-11-01,29,19,52,28,15,11,43,38,63,38,US,2015,11
2015-12-01,26,21,57,28,14,11,44,43,73,45,US,2015,12
2016-01-01,34,24,66,38,39,12,54,46,78,44,US,2016,1
2016-02-01,43,25,72,42,22,15,62,55,75,46,US,2016,2
2016-03-01,34,21,72,40,30,12,65,46,68,45,US,2016,3
2016-04-01,38,23,68,38,23,13,66,45,66,42,US,2016,4
2016-05-01,37,24,67,39,32,12,68,52,70,45,US,2016,5
2016-06-01,35,24,65,37,41,11,61,53,69,44,US,2016,6
2016-07-01,35,24,64,38,54,11,60,61,70,49,US,2016,7
2016-08-01,36,23,63,40,33,12,59,58,78,48,US,2016,8
2016-09-01,41,24,68,40,47,13,63,58,75,60,US,2016,9
2016-10-01,40,23,64,38,18,12,65,50,72,47,US,2016,10
2016-11-01,36,22,65,36,17,11,52,45,77,47,US,2016,11
2016-12-01,31,23,66,36,16,11,50,44,97,53,US,2016,12
2017-01-01,36,25,70,43,49,13,56,45,77,47,US,2017,1
2017-02-01,38,24,65,41,20,12,58,51,71,45,US,2017,2
2017-03-01,41,24,67,42,29,11,61,50,71,47,US,2017,3
2017-04-01,41,23,67,40,26,12,69,56,74,46,US,2017,4
2017-05-01,41,24,69,40,28,14,68,51,67,47,US,2017,5
2017-06-01,38,24,64,36,46,12,65,59,71,50,US,2017,6
2017-07-01,36,22,74,38,68,11,62,60,72,47,US,2017,7
2017-08-01,38,24,60,39,40,12,65,60,75,50,US,2017,8
2017-09-01,40,26,64,39,66,12,65,59,75,58,US,2017,9
2017-10-01,37,22,64,40,24,12,68,65,71,46,US,2017,10
2017-11-01,37,22,60,40,23,12,60,49,84,53,US,2017,11
2017-12-01,33,22,56,35,17,11,55,54,89,52,US,2017,12
2018-01-01,36,21,61,39,48,12,53,51,75,45,US,2018,1
2018-02-01,38,23,57,41,22,11,57,47,69,42,US,2018,2
2018-03-01,40,23,65,39,34,11,64,51,71,47,US,2018,3
2018-04-01,36,25,60,38,24,11,67,47,66,41,US,2018,4
2018-05-01,39,24,58,39,32,10,67,63,65,41,US,2018,5
2018-06-01,38,21,59,32,50,10,61,52,66,40,US,2018,6
2018-07-01,36,22,59,34,65,9,62,53,68,41,US,2018,7
2018-08-01,40,22,59,34,47,10,63,61,68,45,US,2018,8
2018-09-01,41,23,58,30,82,11,59,48,65,46,US,2018,9
2018-10-01,39,22,50,36,19,10,64,46,67,42,US,2018,10
2018-11-01,37,22,53,36,20,10,57,53,79,42,US,2018,11
2018-12-01,29,23,51,34,14,9,50,44,83,44,US,2018,12
2019-01-01,36,24,59,37,51,11,53,47,66,41,US,2019,1
2019-02-01,37,22,58,39,20,10,56,48,67,38,US,2019,2
2019-03-01,38,22,55,39,34,10,62,52,62,39,US,2019,3
2019-04-01,40,24,57,38,25,11,74,52,63,36,US,2019,4
2019-05-01,36,21,50,36,36,10,66,50,61,38,US,2019,5
2019-06-01,36,20,52,33,51,9,65,52,66,34,US,2019,6
2019-07-01,36,20,53,33,81,10,62,57,61,40,US,2019,7
2019-08-01,37,22,54,35,50,10,65,58,63,41,US,2019,8
2019-09-01,39,21,58,37,62,10,74,53,64,45,US,2019,9
2019-10-01,40,21,54,38,23,11,68,53,64,46,US,2019,10
2019-11-01,35,22,52,36,22,10,61,47,74,41,US,2019,11
2019-12-01,29,22,49,34,15,10,51,46,77,43,US,2019,12
2020-01-01,35,23,63,40,45,11,59,50,66,40,US,2020,1
2020-02-01,38,22,57,39,27,11,59,52,66,37,US,2020,2
2020-03-01,46,22,53,47,15,12,64,49,62,35,US,2020,3
2020-04-01,42,24,54,51,14,11,85,46,70,38,US,2020,4
2020-05-01,47,24,63,46,16,11,100,52,72,41,US,2020,5
2020-06-01,44,22,59,43,18,10,80,54,73,38,US,2020,6
2020-07-01,46,24,57,46,18,10,88,53,68,41,US,2020,7
2020-08-01,43,24,58,45,21,11,77,55,73,44,US,2020,8
2020-09-01,42,22,60,43,55,11,82,51,69,42,US,2020,9
2020-10-01,37,20,47,39,30,10,77,56,61,37,US,2020,10
2020-11-01,32,19,47,39,16,9,60,43,70,35,US,2020,11
2020-12-01,34,22,43,39,14,9,56,55,79,39,US,2020,12
2005-01-01,80,91,74,72,72,92,73,42,97,100,CN,2005,1
2005-02-01,63,66,64,49,41,75,60,32,73,94,CN,2005,2
2005-03-01,100,100,88,100,62,96,100,48,92,95,CN,2005,3
2005-04-01,92,92,84,88,65,89,93,45,100,87,CN,2005,4
2005-05-01,83,84,69,79,78,81,86,41,81,82,CN,2005,5
2005-06-01,91,87,78,91,71,82,90,47,82,87,CN,2005,6
2005-07-01,83,86,78,86,72,88,85,47,92,92,CN,2005,7
2005-08-01,78,83,83,88,78,80,85,50,93,96,CN,2005,8
2005-09-01,73,79,67,76,62,64,78,40,84,89,CN,2005,9
2005-10-01,74,67,64,69,55,62,77,35,78,83,CN,2005,10
2005-11-01,83,81,68,81,69,66,77,44,74,81,CN,2005,11
2005-12-01,78,75,69,74,46,66,78,42,76,83,CN,2005,12
2006-01-01,47,57,58,49,44,53,52,29,67,73,CN,2006,1
2006-02-01,61,64,75,67,39,64,68,35,67,85,CN,2006,2
2006-03-01,76,82,98,85,46,67,87,48,72,83,CN,2006,3
2006-04-01,74,79,75,77,47,64,89,49,68,77,CN,2006,4
2006-05-01,62,67,55,72,52,60,70,35,63,72,CN,2006,5
2006-06-01,72,70,58,77,53,64,73,44,62,72,CN,2006,6
2006-07-01,71,64,60,76,55,72,76,53,66,86,CN,2006,7
2006-08-01,63,67,62,77,55,95,74,52,72,85,CN,2006,8
2006-09-01,64,62,60,70,57,93,73,41,65,77,CN,2006,9
2006-10-01,55,50,49,59,40,84,66,33,58,68,CN,2006,10
2006-11-01,62,58,49,62,46,78,66,42,54,64,CN,2006,11
2006-12-01,61,63,52,67,43,100,72,42,70,71,CN,2006,12
2007-01-01,51,54,43,57,39,92,59,32,60,67,CN,2007,1
2007-02-01,34,36,38,34,26,60,47,22,50,68,CN,2007,2
2007-03-01,62,70,74,69,36,76,74,45,59,81,CN,2007,3
2007-04-01,62,66,77,72,36,87,75,46,64,78,CN,2007,4
2007-05-01,49,56,56,61,35,71,66,36,51,73,CN,2007,5
2007-06-01,58,62,63,59,52,71,75,46,55,76,CN,2007,6
2007-07-01,56,65,55,69,53,72,66,44,59,85,CN,2007,7
2007-08-01,54,69,59,70,46,72,73,47,64,92,CN,2007,8
2007-09-01,48,51,57,58,42,61,65,38,56,75,CN,2007,9
2007-10-01,50,49,50,55,34,62,62,34,53,74,CN,2007,10
2007-11-01,50,57,51,61,46,59,69,40,51,70,CN,2007,11
2007-12-01,52,57,50,59,31,69,70,40,57,84,CN,2007,12
2008-01-01,41,52,47,46,35,51,59,35,52,74,CN,2008,1
2008-02-01,36,37,38,39,26,42,53,27,52,76,CN,2008,2
2008-03-01,49,67,54,65,34,50,95,37,60,80,CN,2008,3
2008-04-01,44,52,65,63,33,49,75,37,51,75,CN,2008,4
2008-05-01,52,56,49,59,37,50,72,38,51,73,CN,2008,5
2008-06-01,46,54,53,59,49,55,67,37,54,79,CN,2008,6
2008-07-01,42,51,53,58,63,51,66,40,58,84,CN,2008,7
2008-08-01,43,47,63,55,100,45,80,41,67,95,CN,2008,8
2008-09-01,40,46,64,51,50,37,74,32,58,82,CN,2008,9
2008-10-01,42,49,70,55,42,45,85,31,56,80,CN,2008,10
2008-11-01,45,57,100,54,52,43,77,32,51,75,CN,2008,11
2008-12-01,44,53,76,56,35,43,70,32,55,79,CN,2008,12
2009-01-01,27,36,49,32,30,27,50,20,43,63,CN,2009,1
2009-02-01,43,48,52,49,32,34,72,31,48,73,CN,2009,2
2009-03-01,42,55,50,55,41,36,77,32,52,73,CN,2009,3
2009-04-01,43,46,46,54,36,34,76,31,52,67,CN,2009,4
2009-05-01,38,46,45,47,53,30,76,100,47,62,CN,2009,5
2009-06-01,39,49,46,51,61,30,74,34,47,60,CN,2009,6
2009-07-01,36,49,47,49,52,32,67,31,47,68,CN,2009,7
2009-08-01,34,43,47,48,52,37,63,30,49,69,CN,2009,8
2009-09-01,33,43,44,43,52,35,60,28,47,62,CN,2009,9
2009-10-01,30,40,39,36,37,35,62,23,46,59,CN,2009,10
2009-11-01,40,42,43,41,33,31,64,26,44,58,CN,2009,11
2009-12-01,37,43,50,43,31,26,64,24,41,60,CN,2009,12
2010-01-01,29,45,46,38,50,24,59,24,45,62,CN,2010,1
2010-02-01,23,26,33,25,22,20,55,18,35,51,CN,2010,2
2010-03-01,34,43,43,42,27,21,67,27,40,57,CN,2010,3
2010-04-01,29,36,33,35,32,17,55,22,37,50,CN,2010,4
2010-05-01,28,33,37,34,33,17,51,21,33,45,CN,2010,5
2010-06-01,27,34,32,30,37,16,48,22,34,44,CN,2010,6
2010-07-01,24,26,28,28,32,14,48,25,29,44,CN,2010,7
2010-08-01,25,23,28,27,27,12,46,18,29,42,CN,2010,8
2010-09-01,22,24,23,25,30,12,44,17,27,39,CN,2010,9
2010-10-01,21,21,22,22,33,11,39,14,24,35,CN,2010,10
2010-11-01,22,22,21,22,21,13,38,14,24,31,CN,2010,11
2010-12-01,21,20,18,20,13,8,30,13,20,27,CN,2010,12
2011-01-01,20,21,22,20,27,10,42,15,26,42,CN,2011,1
2011-02-01,18,21,21,21,18,9,42,14,26,40,CN,2011,2
2011-03-01,23,26,26,29,18,10,52,18,29,39,CN,2011,3
2011-04-01,23,26,26,29,21,10,47,18,26,37,CN,2011,4
2011-05-01,23,25,23,27,29,10,47,18,25,38,CN,2011,5
2011-06-01,22,23,23,26,65,9,43,17,24,36,CN,2011,6
2011-07-01,23,23,26,26,55,10,43,17,27,43,CN,2011,7
2011-08-01,21,23,26,25,33,10,48,17,29,45,CN,2011,8
2011-09-01,22,28,24,26,35,10,54,18,27,42,CN,2011,9
2011-10-01,20,21,21,23,34,9,49,14,26,40,CN,2011,10
2011-11-01,34,21,20,26,23,9,47,14,23,37,CN,2011,11
2011-12-01,21,20,23,23,23,9,45,15,24,39,CN,2011,12
2012-01-01,15,14,17,13,31,8,31,10,20,35,CN,2012,1
2012-02-01,20,20,25,22,24,9,57,15,23,41,CN,2012,2
2012-03-01,22,24,25,28,23,9,68,15,24,40,CN,2012,3
2012-04-01,22,22,25,25,26,10,59,15,25,40,CN,2012,4
2012-05-01,23,21,25,27,31,9,60,16,24,41,CN,2012,5
2012-06-01,22,22,24,24,38,10,59,15,25,44,CN,2012,6
2012-07-01,22,21,25,24,34,10,53,15,26,61,CN,2012,7
2012-08-01,18,19,23,20,65,8,45,13,24,52,CN,2012,8
2012-09-01,13,13,13,11,12,5,19,8,14,26,CN,2012,9
2012-10-01,10,9,9,8,10,4,15,6,10,18,CN,2012,10
2012-11-01,9,7,8,7,6,3,13,4,8,15,CN,2012,11
2012-12-01,10,8,8,7,6,3,12,4,9,17,CN,2012,12
2013-01-01,8,7,6,6,9,3,12,4,8,13,CN,2013,1
2013-02-01,6,6,6,4,5,3,11,3,8,16,CN,2013,2
2013-03-01,10,8,8,8,6,3,16,5,9,17,CN,2013,3
2013-04-01,9,8,9,8,6,3,15,4,9,16,CN,2013,4
2013-05-01,10,9,9,8,8,4,16,5,9,16,CN,2013,5
2013-06-01,10,7,8,8,10,3,15,4,9,15,CN,2013,6
2013-07-01,9,7,8,8,9,4,15,5,9,16,CN,2013,7
2013-08-01,8,7,9,8,7,4,15,4,9,17,CN,2013,8
2013-09-01,8,7,7,7,8,3,13,4,9,14,CN,2013,9
2013-10-01,8,6,7,8,8,3,13,4,9,14,CN,2013,10
2013-11-01,9,7,8,7,6,3,13,4,9,14,CN,2013,11
2013-12-01,9,7,9,7,5,4,13,4,9,14,CN,2013,12
2014-01-01,7,6,7,5,10,3,10,3,8,14,CN,2014,1
2014-02-01,6,6,7,5,5,3,11,3,8,13,CN,2014,2
2014-03-01,8,7,10,7,6,3,14,4,8,13,CN,2014,3
2014-04-01,8,7,8,6,6,3,13,4,8,13,CN,2014,4
2014-05-01,8,7,9,6,6,3,13,4,7,13,CN,2014,5
2014-06-01,1,1,2,1,1,1,2,0,1,2,CN,2014,6
2014-07-01,1,1,2,1,1,0,1,0,1,1,CN,2014,7
2014-08-01,1,1,2,1,1,0,1,0,1,1,CN,2014,8
2014-09-01,1,1,1,1,1,0,1,0,1,1,CN,2014,9
2014-10-01,1,1,1,0,1,0,1,0,1,1,CN,2014,10
2014-11-01,1,1,1,0,1,0,1,0,1,1,CN,2014,11
2014-12-01,1,1,1,1,0,0,1,0,1,1,CN,2014,12
2015-01-01,0,0,1,0,0,0,0,0,0,0,CN,2015,1
2015-02-01,0,0,1,0,0,0,0,0,0,0,CN,2015,2
2015-03-01,1,1,1,0,0,0,0,0,0,0,CN,2015,3
2015-04-01,0,0,1,0,0,0,0,0,0,0,CN,2015,4
2015-05-01,0,0,1,0,0,0,0,0,0,0,CN,2015,5
2015-06-01,0,0,1,0,0,0,0,0,0,0,CN,2015,6
2015-07-01,0,0,1,0,0,0,0,0,0,0,CN,2015,7
2015-08-01,0,0,1,0,0,0,0,0,0,0,CN,2015,8
2015-09-01,0,0,1,0,0,0,0,0,0,0,CN,2015,9
2015-10-01,0,0,1,0,0,0,0,0,0,0,CN,2015,10
2015-11-01,0,0,1,0,0,0,0,0,0,0,CN,2015,11
2015-12-01,0,0,1,0,0,0,0,0,0,0,CN,2015,12
2016-01-01,1,0,1,0,0,0,0,0,0,1,CN,2016,1
2016-02-01,0,0,1,0,0,0,0,0,0,0,CN,2016,2
2016-03-01,1,1,1,0,0,0,0,0,0,1,CN,2016,3
2016-04-01,1,0,1,0,0,0,0,0,0,0,CN,2016,4
2016-05-01,1,0,1,0,1,0,0,0,0,0,CN,2016,5
2016-06-01,0,0,3,0,0,0,0,0,0,1,CN,2016,6
2016-07-01,1,1,3,0,1,0,1,0,1,1,CN,2016,7
2016-08-01,0,0,3,0,1,0,0,0,1,1,CN,2016,8
2016-09-01,1,1,4,1,1,0,1,0,1,1,CN,2016,9
2016-10-01,1,0,3,1,0,0,0,0,0,1,CN,2016,10
2016-11-01,1,0,2,0,0,0,0,0,1,1,CN,2016,11
2016-12-01,1,1,1,0,0,0,1,0,1,1,CN,2016,12
2017-01-01,0,0,1,0,1,0,1,0,0,0,CN,2017,1
2017-02-01,1,1,1,0,0,0,1,0,0,1,CN,2017,2
2017-03-01,1,1,1,1,1,0,1,0,1,1,CN,2017,3
2017-04-01,1,1,1,0,1,0,1,0,1,1,CN,2017,4
2017-05-01,1,1,1,1,1,0,1,0,1,1,CN,2017,5
2017-06-01,1,1,2,1,1,0,1,0,1,1,CN,2017,6
2017-07-01,1,1,2,1,1,0,1,0,1,1,CN,2017,7
2017-08-01,1,1,2,1,1,0,1,0,1,1,CN,2017,8
2017-09-01,1,1,2,1,1,0,1,0,1,1,CN,2017,9
2017-10-01,1,1,1,0,1,0,1,0,1,1,CN,2017,10
2017-11-01,1,1,1,1,1,0,1,0,1,1,CN,2017,11
2017-12-01,1,1,1,0,1,0,1,0,1,1,CN,2017,12
2018-01-01,1,1,1,0,1,0,1,0,1,1,CN,2018,1
2018-02-01,1,1,1,0,0,0,1,0,0,0,CN,2018,2
2018-03-01,1,1,1,1,1,0,1,0,1,1,CN,2018,3
2018-04-01,1,1,1,1,1,0,1,0,1,1,CN,2018,4
2018-05-01,1,1,2,1,1,0,1,0,1,1,CN,2018,5
2018-06-01,1,1,1,1,1,0,1,0,1,1,CN,2018,6
2018-07-01,1,1,2,1,2,0,1,0,1,1,CN,2018,7
2018-08-01,1,1,2,1,1,0,1,0,1,1,CN,2018,8
2018-09-01,1,1,2,1,2,0,1,0,1,1,CN,2018,9
2018-10-01,1,1,1,1,1,0,1,0,1,1,CN,2018,10
2018-11-01,1,1,2,1,1,0,1,0,1,1,CN,2018,11
2018-12-01,2,1,2,1,1,0,1,0,1,1,CN,2018,12
2019-01-01,1,1,2,1,1,0,1,0,1,1,CN,2019,1
2019-02-01,1,1,1,0,0,0,1,0,1,0,CN,2019,2
2019-03-01,1,1,1,1,1,0,1,0,1,1,CN,2019,3
2019-04-01,1,1,1,1,1,0,1,0,1,1,CN,2019,4
2019-05-01,1,1,1,1,1,0,1,0,1,1,CN,2019,5
2019-06-01,1,1,1,1,2,0,1,0,1,1,CN,2019,6
2019-07-01,1,1,1,1,2,0,1,0,1,1,CN,2019,7
2019-08-01,1,1,1,1,1,0,1,0,1,1,CN,2019,8
2019-09-01,1,1,1,1,1,0,1,0,1,1,CN,2019,9
2019-10-01,1,1,1,1,1,0,1,0,1,0,CN,2019,10
2019-11-01,1,1,1,1,1,0,1,0,1,1,CN,2019,11
2019-12-01,1,1,1,0,1,0,1,0,1,1,CN,2019,12
2020-01-01,1,1,1,0,1,0,1,0,1,0,CN,2020,1
2020-02-01,1,0,1,0,0,0,1,0,0,0,CN,2020,2
2020-03-01,1,0,1,0,0,0,1,0,0,0,CN,2020,3
2020-04-01,1,0,1,0,0,0,1,0,0,0,CN,2020,4
2020-05-01,1,0,1,0,0,0,1,0,0,0,CN,2020,5
2020-06-01,1,0,1,0,0,0,1,0,0,0,CN,2020,6
2020-07-01,1,1,1,1,0,0,1,0,1,0,CN,2020,7
2020-08-01,1,1,1,0,0,0,1,0,0,0,CN,2020,8
2020-09-01,1,1,1,0,1,0,1,0,0,0,CN,2020,9
2020-10-01,1,1,1,0,1,0,1,0,0,0,CN,2020,10
2020-11-01,1,1,1,0,0,0,1,0,0,0,CN,2020,11
2020-12-01,1,1,1,0,0,0,1,0,0,0,CN,2020,12
2005-01-01,85,100,99,83,24,93,75,77,100,97,JP,2005,1
2005-02-01,90,86,96,86,24,88,75,70,95,97,JP,2005,2
2005-03-01,76,92,100,85,19,85,78,78,77,91,JP,2005,3
2005-04-01,81,87,90,84,22,100,82,73,78,87,JP,2005,4
2005-05-01,88,80,88,84,24,94,88,74,89,87,JP,2005,5
2005-06-01,100,89,94,87,31,94,90,74,81,92,JP,2005,6
2005-07-01,90,92,96,100,25,90,100,83,94,96,JP,2005,7
2005-08-01,93,88,88,84,21,80,94,86,84,87,JP,2005,8
2005-09-01,68,78,84,78,22,75,84,72,85,84,JP,2005,9
2005-10-01,76,80,78,79,20,73,78,72,78,82,JP,2005,10
2005-11-01,79,80,76,84,20,81,81,76,84,86,JP,2005,11
2005-12-01,67,77,70,68,15,72,71,70,84,84,JP,2005,12
2006-01-01,70,78,65,73,21,62,68,61,79,87,JP,2006,1
2006-02-01,69,78,72,82,17,64,69,69,73,85,JP,2006,2
2006-03-01,61,68,76,73,14,71,64,65,67,81,JP,2006,3
2006-04-01,62,69,74,78,16,65,68,67,64,69,JP,2006,4
2006-05-01,64,70,69,71,18,58,69,62,69,68,JP,2006,5
2006-06-01,78,81,81,88,24,68,79,74,80,81,JP,2006,6
2006-07-01,76,78,75,88,27,64,75,70,78,88,JP,2006,7
2006-08-01,69,68,70,73,16,62,67,76,70,77,JP,2006,8
2006-09-01,65,71,73,78,19,63,66,65,78,79,JP,2006,9
2006-10-01,58,62,63,70,18,66,64,67,68,87,JP,2006,10
2006-11-01,55,65,61,78,16,58,64,59,71,88,JP,2006,11
2006-12-01,58,66,71,77,15,61,61,63,84,83,JP,2006,12
2007-01-01,59,65,61,68,21,61,59,61,64,85,JP,2007,1
2007-02-01,64,60,69,78,16,61,62,62,69,83,JP,2007,2
2007-03-01,57,62,57,68,13,55,62,59,69,81,JP,2007,3
2007-04-01,55,61,62,70,15,59,61,57,62,68,JP,2007,4
2007-05-01,63,59,64,87,18,50,64,61,64,69,JP,2007,5
2007-06-01,64,68,68,82,24,54,72,66,67,75,JP,2007,6
2007-07-01,62,66,68,81,26,53,71,63,68,78,JP,2007,7
2007-08-01,60,66,66,74,20,54,69,65,72,78,JP,2007,8
2007-09-01,51,56,59,68,19,48,58,53,67,63,JP,2007,9
2007-10-01,56,56,60,74,17,52,61,60,66,70,JP,2007,10
2007-11-01,56,55,56,73,16,47,58,56,63,68,JP,2007,11
2007-12-01,61,58,53,62,13,42,55,52,72,67,JP,2007,12
2008-01-01,56,55,55,65,18,45,54,53,66,68,JP,2008,1
2008-02-01,55,53,59,72,20,45,59,56,62,76,JP,2008,2
2008-03-01,50,50,58,61,14,41,52,49,59,65,JP,2008,3
2008-04-01,50,52,54,63,15,41,52,53,53,58,JP,2008,4
2008-05-01,51,56,51,64,23,43,60,51,59,58,JP,2008,5
2008-06-01,54,55,53,67,23,43,63,55,58,67,JP,2008,6
2008-07-01,61,52,54,68,23,41,62,57,57,67,JP,2008,7
2008-08-01,51,54,53,60,30,43,60,59,57,63,JP,2008,8
2008-09-01,45,48,47,58,22,39,55,52,59,53,JP,2008,9
2008-10-01,47,47,50,61,18,40,55,49,56,54,JP,2008,10
2008-11-01,44,42,49,53,16,34,49,45,51,56,JP,2008,11
2008-12-01,42,48,46,57,13,40,49,48,57,58,JP,2008,12
2009-01-01,41,46,43,54,18,38,46,47,56,52,JP,2009,1
2009-02-01,44,47,46,57,15,42,50,49,53,56,JP,2009,2
2009-03-01,41,44,46,51,12,36,45,50,50,51,JP,2009,3
2009-04-01,46,44,45,56,16,38,53,50,54,47,JP,2009,4
2009-05-01,42,42,42,49,17,38,51,47,47,52,JP,2009,5
2009-06-01,46,43,47,54,22,34,53,51,49,56,JP,2009,6
2009-07-01,46,44,47,59,18,34,51,56,50,55,JP,2009,7
2009-08-01,39,41,41,50,14,32,50,47,48,52,JP,2009,8
2009-09-01,39,38,42,47,17,34,48,42,48,48,JP,2009,9
2009-10-01,39,42,40,52,13,34,47,50,46,50,JP,2009,10
2009-11-01,41,39,43,48,12,31,45,46,45,50,JP,2009,11
2009-12-01,36,39,39,44,11,32,42,44,44,48,JP,2009,12
2010-01-01,35,39,37,46,14,32,41,45,46,50,JP,2010,1
2010-02-01,36,39,38,48,11,27,41,48,40,49,JP,2010,2
2010-03-01,37,37,40,48,10,29,42,56,42,50,JP,2010,3
2010-04-01,38,38,41,47,11,33,42,46,40,53,JP,2010,4
2010-05-01,38,39,37,46,17,25,47,45,38,51,JP,2010,5
2010-06-01,41,38,41,53,17,27,47,51,42,63,JP,2010,6
2010-07-01,39,41,36,48,15,25,42,49,37,56,JP,2010,7
2010-08-01,36,38,36,43,12,26,46,49,38,54,JP,2010,8
2010-09-01,35,36,34,42,15,26,40,42,36,50,JP,2010,9
2010-10-01,37,35,35,44,13,25,39,43,37,56,JP,2010,10
2010-11-01,36,37,33,47,12,25,42,46,41,62,JP,2010,11
2010-12-01,31,34,31,40,9,22,37,39,39,54,JP,2010,12
2011-01-01,39,42,37,46,16,23,42,46,45,67,JP,2011,1
2011-02-01,44,42,38,50,12,26,46,47,47,74,JP,2011,2
2011-03-01,40,42,36,53,10,22,40,47,41,69,JP,2011,3
2011-04-01,42,58,38,58,14,24,55,54,46,82,JP,2011,4
2011-05-01,43,53,36,52,19,25,54,53,49,77,JP,2011,5
2011-06-01,48,60,38,57,24,26,55,54,44,76,JP,2011,6
2011-07-01,46,59,40,54,20,27,60,58,48,84,JP,2011,7
2011-08-01,45,46,35,49,15,24,53,55,46,82,JP,2011,8
2011-09-01,42,44,36,48,17,24,48,50,48,82,JP,2011,9
2011-10-01,42,43,36,48,16,26,49,45,44,92,JP,2011,10
2011-11-01,42,40,34,52,17,23,49,47,39,76,JP,2011,11
2011-12-01,42,44,33,47,13,22,46,47,44,78,JP,2011,12
2012-01-01,42,43,33,50,29,24,47,49,44,85,JP,2012,1
2012-02-01,43,43,44,53,15,22,47,48,40,77,JP,2012,2
2012-03-01,42,42,43,51,15,23,49,47,38,81,JP,2012,3
2012-04-01,47,47,37,52,16,27,56,54,44,83,JP,2012,4
2012-05-01,46,48,34,52,18,23,65,50,39,83,JP,2012,5
2012-06-01,48,46,36,53,23,22,57,51,45,79,JP,2012,6
2012-07-01,45,47,33,55,31,23,58,53,43,78,JP,2012,7
2012-08-01,44,49,32,50,36,23,57,51,46,84,JP,2012,8
2012-09-01,56,54,30,52,24,25,58,53,49,100,JP,2012,9
2012-10-01,79,52,31,51,21,25,57,51,45,86,JP,2012,10
2012-11-01,55,52,33,53,16,22,56,48,46,83,JP,2012,11
2012-12-01,53,57,30,52,16,22,60,51,54,92,JP,2012,12
2013-01-01,39,46,27,46,22,21,51,77,44,77,JP,2013,1
2013-02-01,48,54,30,53,17,22,56,57,45,82,JP,2013,2
2013-03-01,47,57,30,51,16,22,56,51,49,88,JP,2013,3
2013-04-01,47,57,31,53,18,23,57,53,45,80,JP,2013,4
2013-05-01,54,56,32,54,25,23,59,56,37,79,JP,2013,5
2013-06-01,55,63,34,56,33,23,63,58,43,83,JP,2013,6
2013-07-01,54,62,33,58,23,22,67,60,45,77,JP,2013,7
2013-08-01,48,59,31,54,21,23,66,57,47,93,JP,2013,8
2013-09-01,48,61,28,55,22,22,59,53,46,89,JP,2013,9
2013-10-01,50,56,31,52,19,24,61,57,41,80,JP,2013,10
2013-11-01,49,58,31,54,19,21,58,69,44,71,JP,2013,11
2013-12-01,48,57,30,52,17,21,59,60,46,72,JP,2013,12
2014-01-01,53,59,28,53,26,22,56,59,43,76,JP,2014,1
2014-02-01,54,56,30,53,17,24,58,48,45,70,JP,2014,2
2014-03-01,55,55,29,48,18,23,56,48,44,74,JP,2014,3
2014-04-01,62,57,30,55,22,25,61,62,42,73,JP,2014,4
2014-05-01,59,59,30,54,34,25,63,61,44,70,JP,2014,5
2014-06-01,57,56,32,56,27,21,62,54,39,63,JP,2014,6
2014-07-01,56,56,30,55,27,21,59,65,38,63,JP,2014,7
2014-08-01,53,57,28,55,22,21,64,58,42,67,JP,2014,8
2014-09-01,45,57,27,50,68,22,55,51,38,68,JP,2014,9
2014-10-01,44,50,29,49,23,22,60,50,37,64,JP,2014,10
2014-11-01,47,50,26,47,35,19,56,42,38,58,JP,2014,11
2014-12-01,44,54,26,47,17,20,60,48,38,61,JP,2014,12
2015-01-01,44,50,24,48,48,18,56,48,40,54,JP,2015,1
2015-02-01,48,49,27,53,21,19,61,49,38,60,JP,2015,2
2015-03-01,46,55,26,49,23,20,55,49,38,64,JP,2015,3
2015-04-01,54,57,27,55,27,21,59,50,40,60,JP,2015,4
2015-05-01,53,61,24,51,45,20,64,52,39,62,JP,2015,5
2015-06-01,58,56,27,58,46,22,66,51,40,59,JP,2015,6
2015-07-01,57,55,28,54,31,22,67,59,40,61,JP,2015,7
2015-08-01,55,55,26,53,36,22,66,61,39,67,JP,2015,8
2015-09-01,55,55,24,53,28,23,62,55,41,70,JP,2015,9
2015-10-01,65,56,26,66,25,20,67,52,40,62,JP,2015,10
2015-11-01,62,51,26,51,27,20,64,52,38,62,JP,2015,11
2015-12-01,86,58,25,55,22,22,66,52,43,69,JP,2015,12
2016-01-01,66,59,23,53,40,22,60,52,44,69,JP,2016,1
2016-02-01,76,61,28,61,26,25,67,59,47,70,JP,2016,2
2016-03-01,62,52,28,57,34,23,56,55,43,67,JP,2016,3
2016-04-01,75,59,25,66,36,23,63,54,39,62,JP,2016,4
2016-05-01,92,65,26,60,54,21,72,57,45,70,JP,2016,5
2016-06-01,77,63,29,64,34,25,73,59,41,66,JP,2016,6
2016-07-01,71,61,27,60,42,25,74,55,46,74,JP,2016,7
2016-08-01,55,64,24,52,100,22,65,54,42,68,JP,2016,8
2016-09-01,59,62,25,62,55,22,68,100,45,76,JP,2016,9
2016-10-01,56,60,26,58,30,22,70,55,41,68,JP,2016,10
2016-11-01,49,56,24,53,29,19,60,52,41,58,JP,2016,11
2016-12-01,53,58,24,51,21,22,60,62,44,65,JP,2016,12
2017-01-01,48,58,25,57,50,22,65,55,43,67,JP,2017,1
2017-02-01,50,54,28,62,25,22,63,51,43,63,JP,2017,2
2017-03-01,46,58,25,57,24,21,62,52,43,70,JP,2017,3
2017-04-01,53,63,26,59,28,24,73,62,43,70,JP,2017,4
2017-05-01,50,65,27,63,38,27,83,63,47,64,JP,2017,5
2017-06-01,58,75,27,63,58,25,81,69,45,70,JP,2017,6
2017-07-01,54,71,26,63,41,23,72,74,50,68,JP,2017,7
2017-08-01,59,67,26,64,34,24,84,75,49,70,JP,2017,8
2017-09-01,51,68,28,61,28,24,73,57,47,79,JP,2017,9
2017-10-01,45,65,25,59,22,24,66,59,43,66,JP,2017,10
2017-11-01,44,60,26,59,22,24,66,55,43,64,JP,2017,11
2017-12-01,41,56,24,61,20,22,61,52,43,63,JP,2017,12
2018-01-01,45,60,22,55,28,21,61,49,45,63,JP,2018,1
2018-02-01,43,55,24,54,24,21,59,48,38,59,JP,2018,2
2018-03-01,45,60,25,58,24,24,65,60,41,63,JP,2018,3
2018-04-01,47,53,23,54,28,20,63,53,40,57,JP,2018,4
2018-05-01,45,64,26,56,43,22,71,58,40,58,JP,2018,5
2018-06-01,42,64,24,56,35,21,66,55,38,59,JP,2018,6
2018-07-01,45,63,24,61,44,22,66,51,40,58,JP,2018,7
2018-08-01,46,63,23,56,39,21,75,57,43,64,JP,2018,8
2018-09-01,44,62,22,56,53,21,73,67,43,69,JP,2018,9
2018-10-01,43,60,23,62,34,21,66,58,37,59,JP,2018,10
2018-11-01,46,57,23,63,32,22,69,55,40,60,JP,2018,11
2018-12-01,40,60,20,59,24,21,65,55,45,62,JP,2018,12
2019-01-01,42,58,23,57,73,21,62,51,39,58,JP,2019,1
2019-02-01,44,56,19,61,27,22,66,51,40,55,JP,2019,2
2019-03-01,43,56,17,66,30,21,71,50,40,61,JP,2019,3
2019-04-01,50,60,18,67,34,22,75,55,40,63,JP,2019,4
2019-05-01,44,59,17,60,48,21,78,56,37,55,JP,2019,5
2019-06-01,48,59,18,62,59,21,81,57,41,60,JP,2019,6
2019-07-01,48,59,19,61,59,21,81,54,40,63,JP,2019,7
2019-08-01,42,64,16,56,36,21,80,57,41,58,JP,2019,8
2019-09-01,45,62,17,56,26,21,76,53,41,63,JP,2019,9
2019-10-01,47,59,16,59,23,21,75,52,37,57,JP,2019,10
2019-11-01,44,58,17,58,28,22,75,49,39,55,JP,2019,11
2019-12-01,40,55,17,55,21,20,71,48,42,57,JP,2019,12
2020-01-01,43,60,17,61,33,25,71,53,43,59,JP,2020,1
2020-02-01,48,59,15,58,21,25,67,53,39,55,JP,2020,2
2020-03-01,41,57,16,57,16,22,78,47,38,60,JP,2020,3
2020-04-01,44,58,16,50,13,24,76,47,43,58,JP,2020,4
2020-05-01,49,64,19,58,15,24,88,52,47,66,JP,2020,5
2020-06-01,44,62,18,61,17,24,81,50,44,61,JP,2020,6
2020-07-01,47,59,18,66,17,22,82,52,44,55,JP,2020,7
2020-08-01,42,60,17,52,18,20,79,55,41,56,JP,2020,8
2020-09-01,42,55,18,55,29,20,75,50,40,53,JP,2020,9
2020-10-01,41,54,15,58,22,20,73,49,40,55,JP,2020,10
2020-11-01,37,54,13,56,17,16,76,45,37,52,JP,2020,11
2020-12-01,40,56,15,52,17,20,75,50,40,57,JP,2020,12
2005-01-01,100,100,100,100,84,100,92,85,94,100,DE,2005,1
2005-02-01,95,89,95,93,51,89,87,85,84,87,DE,2005,2
2005-03-01,86,83,80,89,50,83,92,78,80,88,DE,2005,3
2005-04-01,89,89,73,95,52,72,96,88,80,76,DE,2005,4
2005-05-01,79,85,74,83,77,65,83,85,78,74,DE,2005,5
2005-06-01,88,84,80,92,94,68,84,99,77,82,DE,2005,6
2005-07-01,83,83,82,96,58,74,78,88,82,82,DE,2005,7
2005-08-01,80,86,78,91,49,70,83,90,87,84,DE,2005,8
2005-09-01,80,77,80,86,71,69,81,77,81,83,DE,2005,9
2005-10-01,74,81,75,88,45,68,76,69,77,74,DE,2005,10
2005-11-01,86,90,83,96,45,77,100,78,93,80,DE,2005,11
2005-12-01,65,81,70,71,35,79,72,64,91,85,DE,2005,12
2006-01-01,80,86,85,88,84,78,86,74,87,86,DE,2006,1
2006-02-01,81,82,85,90,55,82,85,81,80,79,DE,2006,2
2006-03-01,89,86,82,90,51,67,87,90,85,86,DE,2006,3
2006-04-01,69,82,100,84,51,60,86,73,75,79,DE,2006,4
2006-05-01,74,79,69,83,73,57,87,79,73,73,DE,2006,5
2006-06-01,71,83,68,84,83,60,76,78,76,80,DE,2006,6
2006-07-01,81,91,74,82,76,60,77,91,77,76,DE,2006,7
2006-08-01,80,89,73,87,77,73,88,94,86,94,DE,2006,8
2006-09-01,70,88,73,83,94,63,87,77,76,80,DE,2006,9
2006-10-01,71,73,69,77,69,63,82,73,79,74,DE,2006,10
2006-11-01,81,78,69,86,61,59,77,87,89,86,DE,2006,11
2006-12-01,63,83,67,75,52,69,76,72,100,96,DE,2006,12
2007-01-01,95,81,84,86,88,68,86,99,94,90,DE,2007,1
2007-02-01,91,77,74,87,59,67,90,90,79,85,DE,2007,2
2007-03-01,87,74,71,89,57,69,95,100,77,87,DE,2007,3
2007-04-01,81,64,61,72,51,60,81,80,69,72,DE,2007,4
2007-05-01,75,70,61,76,72,51,79,90,68,73,DE,2007,5
2007-06-01,83,73,66,81,95,50,81,94,70,81,DE,2007,6
2007-07-01,83,76,62,83,70,55,80,91,80,87,DE,2007,7
2007-08-01,81,75,63,82,58,60,85,96,82,87,DE,2007,8
2007-09-01,73,66,52,73,60,54,78,75,74,76,DE,2007,9
2007-10-01,76,72,59,77,51,51,85,78,76,80,DE,2007,10
2007-11-01,83,79,60,83,56,55,83,80,80,89,DE,2007,11
2007-12-01,67,79,53,62,41,55,70,63,92,89,DE,2007,12
2008-01-01,81,72,54,81,75,55,81,81,76,79,DE,2008,1
2008-02-01,77,63,54,80,50,55,75,81,72,76,DE,2008,2
2008-03-01,66,59,50,68,45,48,76,90,64,75,DE,2008,3
2008-04-01,75,55,46,74,49,44,78,76,59,70,DE,2008,4
2008-05-01,65,49,43,59,66,42,71,75,55,64,DE,2008,5
2008-06-01,65,52,42,71,78,39,73,72,60,67,DE,2008,6
2008-07-01,68,53,44,68,64,46,65,82,57,71,DE,2008,7
2008-08-01,69,55,47,67,54,45,72,81,63,82,DE,2008,8
2008-09-01,62,50,40,64,50,43,67,79,57,73,DE,2008,9
2008-10-01,65,49,40,67,41,45,68,69,57,75,DE,2008,10
2008-11-01,63,53,40,71,37,44,64,66,66,73,DE,2008,11
2008-12-01,53,50,36,56,28,44,62,56,70,83,DE,2008,12
2009-01-01,60,50,41,58,55,40,64,64,60,70,DE,2009,1
2009-02-01,63,51,42,64,44,38,67,69,55,72,DE,2009,2
2009-03-01,86,47,40,57,43,40,69,65,57,71,DE,2009,3
2009-04-01,54,42,37,58,40,34,69,63,45,65,DE,2009,4
2009-05-01,54,41,35,58,59,34,65,64,48,70,DE,2009,5
2009-06-01,60,43,35,52,89,31,67,67,49,68,DE,2009,6
2009-07-01,59,44,35,58,64,32,66,65,48,73,DE,2009,7
2009-08-01,53,41,36,54,40,31,63,65,50,70,DE,2009,8
2009-09-01,54,42,34,61,60,32,63,60,43,68,DE,2009,9
2009-10-01,56,41,37,56,35,35,67,57,47,68,DE,2009,10
2009-11-01,58,46,34,62,40,35,71,57,54,72,DE,2009,11
2009-12-01,45,38,32,47,27,32,58,47,58,71,DE,2009,12
2010-01-01,54,39,35,51,50,32,62,58,47,64,DE,2010,1
2010-02-01,54,43,34,54,37,26,65,58,44,62,DE,2010,2
2010-03-01,55,41,35,54,37,28,70,54,44,64,DE,2010,3
2010-04-01,47,37,29,51,36,26,65,59,39,57,DE,2010,4
2010-05-01,49,34,31,48,50,23,66,55,41,58,DE,2010,5
2010-06-01,51,37,29,51,62,24,62,57,40,64,DE,2010,6
2010-07-01,45,33,26,49,39,22,54,61,37,62,DE,2010,7
2010-08-01,47,36,28,48,38,23,59,58,38,67,DE,2010,8
2010-09-01,42,33,26,0,46,23,55,55,37,60,DE,2010,9
2010-10-01,43,34,28,0,32,22,54,51,33,60,DE,2010,10
2010-11-01,50,36,28,0,33,22,59,55,40,68,DE,2010,11
2010-12-01,37,31,24,0,25,22,49,44,44,63,DE,2010,12
2011-01-01,59,45,32,0,54,23,68,62,53,66,DE,2011,1
2011-02-01,56,42,33,0,39,23,67,61,46,78,DE,2011,2
2011-03-01,51,38,30,0,40,20,64,59,38,63,DE,2011,3
2011-04-01,50,35,28,54,43,20,66,60,38,62,DE,2011,4
2011-05-01,55,39,30,58,64,20,67,65,41,62,DE,2011,5
2011-06-01,50,37,28,50,79,21,62,60,40,66,DE,2011,6
2011-07-01,52,37,28,0,53,20,63,66,42,73,DE,2011,7
2011-08-01,45,37,27,0,43,20,58,61,38,60,DE,2011,8
2011-09-01,49,36,28,0,60,17,58,57,39,65,DE,2011,9
2011-10-01,47,36,26,0,33,20,61,52,38,68,DE,2011,10
2011-11-01,50,35,26,0,33,20,57,48,42,61,DE,2011,11
2011-12-01,42,36,29,44,29,20,53,45,46,68,DE,2011,12
2012-01-01,54,39,65,0,60,21,64,63,47,65,DE,2012,1
2012-02-01,48,41,29,49,39,18,59,51,40,61,DE,2012,2
2012-03-01,48,32,27,0,34,18,60,51,36,65,DE,2012,3
2012-04-01,49,36,27,51,38,17,64,60,37,60,DE,2012,4
2012-05-01,46,33,24,0,45,16,56,52,37,54,DE,2012,5
2012-06-01,47,34,25,47,67,16,59,55,36,57,DE,2012,6
2012-07-01,44,33,30,0,59,17,56,56,34,57,DE,2012,7
2012-08-01,43,31,22,0,47,17,57,61,34,57,DE,2012,8
2012-09-01,47,34,24,0,44,17,60,57,37,73,DE,2012,9
2012-10-01,48,31,24,0,34,17,59,50,38,63,DE,2012,10
2012-11-01,49,32,26,0,30,16,58,47,40,61,DE,2012,11
2012-12-01,39,32,23,43,30,19,53,50,43,65,DE,2012,12
2013-01-01,42,30,24,0,44,16,54,45,37,54,DE,2013,1
2013-02-01,50,30,26,51,33,17,54,50,36,59,DE,2013,2
2013-03-01,45,32,24,0,34,17,58,49,36,59,DE,2013,3
2013-04-01,43,29,22,0,34,15,58,53,31,50,DE,2013,4
2013-05-01,41,27,22,41,45,13,60,51,33,50,DE,2013,5
2013-06-01,44,30,24,0,74,14,60,56,33,56,DE,2013,6
2013-07-01,42,28,23,0,91,14,55,54,30,50,DE,2013,7
2013-08-01,45,32,23,0,35,15,57,53,36,51,DE,2013,8
2013-09-01,43,27,21,0,44,15,54,45,35,51,DE,2013,9
2013-10-01,41,27,23,0,32,15,55,44,33,49,DE,2013,10
2013-11-01,48,30,23,51,31,16,57,48,35,52,DE,2013,11
2013-12-01,38,28,23,0,29,15,53,41,41,52,DE,2013,12
2014-01-01,47,29,24,48,54,25,58,49,36,52,DE,2014,1
2014-02-01,44,28,24,0,32,16,56,47,31,46,DE,2014,2
2014-03-01,41,28,20,43,32,14,55,45,30,44,DE,2014,3
2014-04-01,38,27,21,42,35,17,57,48,29,41,DE,2014,4
2014-05-01,41,27,23,0,50,15,59,49,29,45,DE,2014,5
2014-06-01,40,28,20,0,63,13,55,52,28,42,DE,2014,6
2014-07-01,41,29,20,46,47,13,58,56,28,47,DE,2014,7
2014-08-01,38,26,20,0,35,13,60,53,31,46,DE,2014,8
2014-09-01,40,26,21,43,42,12,51,55,28,49,DE,2014,9
2014-10-01,41,27,22,0,32,12,51,43,28,43,DE,2014,10
2014-11-01,38,26,20,0,33,12,54,39,28,41,DE,2014,11
2014-12-01,36,26,21,37,24,13,49,38,37,44,DE,2014,12
2015-01-01,42,27,22,0,40,13,51,51,30,42,DE,2015,1
2015-02-01,42,27,22,0,33,13,55,48,28,41,DE,2015,2
2015-03-01,42,26,23,47,34,12,58,48,26,38,DE,2015,3
2015-04-01,37,25,20,0,38,11,62,47,25,37,DE,2015,4
2015-05-01,38,24,19,0,44,11,57,48,26,38,DE,2015,5
2015-06-01,41,26,21,0,58,11,57,53,25,35,DE,2015,6
2015-07-01,35,25,19,0,54,11,52,54,25,38,DE,2015,7
2015-08-01,34,24,19,37,36,11,52,52,24,35,DE,2015,8
2015-09-01,37,25,20,42,45,11,53,49,25,37,DE,2015,9
2015-10-01,36,24,18,0,27,11,50,40,25,36,DE,2015,10
2015-11-01,38,24,18,0,29,10,49,37,30,34,DE,2015,11
2015-12-01,32,25,20,0,24,10,48,40,32,33,DE,2015,12
2016-01-01,45,29,20,44,63,11,57,45,31,40,DE,2016,1
2016-02-01,46,29,22,0,42,12,59,50,29,40,DE,2016,2
2016-03-01,37,27,20,0,35,10,56,44,25,35,DE,2016,3
2016-04-01,41,24,19,45,38,10,62,43,24,32,DE,2016,4
2016-05-01,39,26,20,0,47,9,61,52,25,34,DE,2016,5
2016-06-01,42,28,19,0,58,9,58,50,23,34,DE,2016,6
2016-07-01,39,28,20,0,61,10,56,50,27,40,DE,2016,7
2016-08-01,39,24,17,0,43,9,56,53,25,34,DE,2016,8
2016-09-01,38,24,18,46,51,9,58,54,27,40,DE,2016,9
2016-10-01,38,25,18,0,36,10,54,42,28,36,DE,2016,10
2016-11-01,39,24,18,0,28,9,55,40,28,36,DE,2016,11
2016-12-01,36,25,17,0,28,9,51,38,30,35,DE,2016,12
2017-01-01,43,27,21,46,64,10,57,44,29,36,DE,2017,1
2017-02-01,42,25,20,0,35,9,57,43,28,34,DE,2017,2
2017-03-01,39,25,18,0,35,8,57,47,25,31,DE,2017,3
2017-04-01,39,26,17,0,36,9,64,44,26,32,DE,2017,4
2017-05-01,40,26,20,0,48,9,63,50,25,32,DE,2017,5
2017-06-01,41,25,16,0,64,9,57,50,24,35,DE,2017,6
2017-07-01,42,26,19,51,66,9,56,55,26,36,DE,2017,7
2017-08-01,43,26,19,0,43,9,62,59,26,33,DE,2017,8
2017-09-01,41,25,19,0,47,9,59,52,27,40,DE,2017,9
2017-10-01,40,25,19,0,36,9,56,45,27,34,DE,2017,10
2017-11-01,43,26,19,48,39,9,63,45,31,36,DE,2017,11
2017-12-01,36,25,17,0,25,8,54,40,30,35,DE,2017,12
2018-01-01,50,26,20,47,75,10,61,48,27,34,DE,2018,1
2018-02-01,42,25,20,0,35,8,58,44,25,31,DE,2018,2
2018-03-01,40,26,22,48,41,9,67,53,27,32,DE,2018,3
2018-04-01,38,25,18,44,37,8,62,45,22,30,DE,2018,4
2018-05-01,41,25,19,0,52,8,62,50,23,33,DE,2018,5
2018-06-01,41,24,17,0,79,8,57,49,24,29,DE,2018,6
2018-07-01,41,24,18,44,96,7,61,55,24,32,DE,2018,7
2018-08-01,41,24,17,0,48,8,55,58,23,32,DE,2018,8
2018-09-01,39,26,18,43,58,8,58,61,26,33,DE,2018,9
2018-10-01,44,26,17,0,37,9,57,50,24,31,DE,2018,10
2018-11-01,43,26,19,0,44,8,62,47,30,35,DE,2018,11
2018-12-01,37,24,16,0,28,8,53,39,29,33,DE,2018,12
2019-01-01,45,28,21,48,72,10,61,48,28,32,DE,2019,1
2019-02-01,46,26,20,0,36,8,63,46,24,31,DE,2019,2
2019-03-01,42,26,18,46,47,8,68,50,24,31,DE,2019,3
2019-04-01,44,26,17,0,41,9,67,49,26,31,DE,2019,4
2019-05-01,43,24,16,44,68,8,63,55,24,32,DE,2019,5
2019-06-01,37,22,16,0,94,7,58,53,22,30,DE,2019,6
2019-07-01,39,21,18,0,100,8,60,53,23,31,DE,2019,7
2019-08-01,35,23,17,0,52,8,60,62,23,30,DE,2019,8
2019-09-01,38,22,18,44,61,8,64,49,23,35,DE,2019,9
2019-10-01,40,24,18,45,43,8,65,46,23,33,DE,2019,10
2019-11-01,43,24,18,0,52,8,63,44,29,38,DE,2019,11
2019-12-01,35,22,16,0,27,8,54,41,29,35,DE,2019,12
2020-01-01,55,26,20,0,80,9,61,49,26,33,DE,2020,1
2020-02-01,43,25,18,0,44,9,61,48,24,30,DE,2020,2
2020-03-01,41,23,17,0,26,11,65,38,22,26,DE,2020,3
2020-04-01,36,23,19,0,25,10,75,40,22,29,DE,2020,4
2020-05-01,44,24,19,42,28,9,88,48,26,33,DE,2020,5
2020-06-01,39,23,17,0,31,8,70,48,25,31,DE,2020,6
2020-07-01,42,24,18,0,32,8,75,51,23,31,DE,2020,7
2020-08-01,38,21,16,41,34,7,69,49,22,26,DE,2020,8
2020-09-01,40,21,17,0,73,7,63,49,22,29,DE,2020,9
2020-10-01,41,23,15,0,78,8,62,43,24,32,DE,2020,10
2020-11-01,41,23,18,0,39,9,67,37,32,38,DE,2020,11
2020-12-01,38,25,18,0,23,9,70,39,30,33,DE,2020,12
2005-01-01,55,96,74,58,17,69,28,43,46,56,KR,2005,1
2005-02-01,49,70,46,48,9,65,23,18,36,46,KR,2005,2
2005-03-01,73,98,73,70,11,70,28,48,43,50,KR,2005,3
2005-04-01,65,100,72,79,17,68,34,44,43,50,KR,2005,4
2005-05-01,100,91,79,81,17,70,34,40,42,51,KR,2005,5
2005-06-01,71,84,55,73,21,69,33,47,37,48,KR,2005,6
2005-07-01,55,86,64,58,12,61,29,43,41,49,KR,2005,7
2005-08-01,57,79,65,54,13,61,25,44,38,47,KR,2005,8
2005-09-01,59,78,56,65,15,60,27,51,38,45,KR,2005,9
2005-10-01,59,73,51,55,9,55,27,38,33,43,KR,2005,10
2005-11-01,78,74,57,73,11,64,28,56,40,45,KR,2005,11
2005-12-01,88,64,62,52,9,49,26,40,36,42,KR,2005,12
2006-01-01,63,62,53,53,16,48,21,36,34,39,KR,2006,1
2006-02-01,49,66,61,55,12,51,23,40,35,41,KR,2006,2
2006-03-01,51,67,60,58,13,53,24,43,33,39,KR,2006,3
2006-04-01,57,69,58,69,10,52,28,46,34,40,KR,2006,4
2006-05-01,54,65,48,57,11,50,28,41,32,38,KR,2006,5
2006-06-01,62,67,62,60,15,54,26,42,30,39,KR,2006,6
2006-07-01,56,68,53,53,14,56,26,44,36,41,KR,2006,7
2006-08-01,49,61,47,50,11,51,26,42,34,41,KR,2006,8
2006-09-01,55,70,59,58,16,48,28,36,31,39,KR,2006,9
2006-10-01,52,55,49,42,10,42,25,35,29,32,KR,2006,10
2006-11-01,61,59,51,56,11,48,28,38,32,36,KR,2006,11
2006-12-01,57,59,46,49,10,48,24,30,32,37,KR,2006,12
2007-01-01,48,64,49,48,15,47,21,37,33,38,KR,2007,1
2007-02-01,38,55,43,43,7,42,19,41,32,35,KR,2007,2
2007-03-01,58,67,59,52,10,44,25,42,39,37,KR,2007,3
2007-04-01,58,64,53,55,11,46,27,50,36,38,KR,2007,4
2007-05-01,50,59,42,56,12,41,26,42,32,35,KR,2007,5
2007-06-01,50,57,39,49,18,39,26,44,33,36,KR,2007,6
2007-07-01,38,51,52,42,16,41,23,39,32,39,KR,2007,7
2007-08-01,42,56,43,43,13,41,22,45,32,35,KR,2007,8
2007-09-01,37,46,42,37,15,39,21,32,28,31,KR,2007,9
2007-10-01,49,56,41,54,10,40,22,40,30,34,KR,2007,10
2007-11-01,53,53,42,51,12,38,22,38,31,34,KR,2007,11
2007-12-01,44,44,41,42,8,38,19,35,31,30,KR,2007,12
2008-01-01,40,45,42,38,15,35,18,40,28,29,KR,2008,1
2008-02-01,39,40,30,34,9,32,17,33,28,29,KR,2008,2
2008-03-01,51,47,42,42,10,35,21,36,31,33,KR,2008,3
2008-04-01,48,45,44,46,10,35,22,36,26,29,KR,2008,4
2008-05-01,46,46,39,42,11,36,24,36,27,29,KR,2008,5
2008-06-01,48,49,41,40,15,35,23,35,27,33,KR,2008,6
2008-07-01,45,43,41,37,14,35,22,42,27,37,KR,2008,7
2008-08-01,38,42,38,35,14,34,18,34,27,30,KR,2008,8
2008-09-01,39,41,32,35,12,30,19,31,26,31,KR,2008,9
2008-10-01,39,39,38,36,10,31,20,36,26,30,KR,2008,10
2008-11-01,49,39,35,35,8,30,19,36,24,29,KR,2008,11
2008-12-01,40,38,36,38,7,32,17,32,24,35,KR,2008,12
2009-01-01,31,33,36,28,11,27,14,26,22,28,KR,2009,1
2009-02-01,44,37,37,34,9,30,16,31,23,31,KR,2009,2
2009-03-01,42,40,35,40,9,31,17,32,25,39,KR,2009,3
2009-04-01,45,36,43,42,9,31,18,37,23,33,KR,2009,4
2009-05-01,44,39,37,34,10,29,17,31,22,30,KR,2009,5
2009-06-01,40,35,36,34,18,28,17,27,23,35,KR,2009,6
2009-07-01,41,36,33,28,12,34,17,30,22,37,KR,2009,7
2009-08-01,32,30,33,27,9,29,15,29,21,31,KR,2009,8
2009-09-01,40,32,34,35,14,27,15,28,21,29,KR,2009,9
2009-10-01,35,28,31,26,8,26,15,26,19,28,KR,2009,10
2009-11-01,43,32,31,33,9,28,16,29,22,38,KR,2009,11
2009-12-01,33,29,37,30,8,26,15,26,25,44,KR,2009,12
2010-01-01,32,27,32,26,12,26,13,25,21,41,KR,2010,1
2010-02-01,32,27,30,24,7,24,12,26,21,34,KR,2010,2
2010-03-01,41,26,32,33,7,27,14,28,22,37,KR,2010,3
2010-04-01,41,29,32,32,7,25,17,33,21,41,KR,2010,4
2010-05-01,35,26,31,30,10,23,15,26,22,39,KR,2010,5
2010-06-01,38,27,31,32,13,24,15,26,23,44,KR,2010,6
2010-07-01,29,26,30,25,10,23,15,28,24,45,KR,2010,7
2010-08-01,30,28,30,25,9,23,15,27,23,44,KR,2010,8
2010-09-01,36,30,33,30,16,32,31,32,38,77,KR,2010,9
2010-10-01,36,42,34,35,14,36,39,44,41,73,KR,2010,10
2010-11-01,39,39,34,36,15,41,30,43,42,70,KR,2010,11
2010-12-01,32,40,34,31,13,34,30,35,41,77,KR,2010,12
2011-01-01,40,45,43,36,22,46,40,42,53,100,KR,2011,1
2011-02-01,35,33,37,28,12,32,28,37,37,67,KR,2011,2
2011-03-01,49,37,41,36,12,38,32,41,37,68,KR,2011,3
2011-04-01,46,42,41,39,14,40,38,47,39,76,KR,2011,4
2011-05-01,45,40,42,38,17,35,38,42,42,79,KR,2011,5
2011-06-01,44,44,42,39,26,39,41,45,43,77,KR,2011,6
2011-07-01,44,44,46,36,22,44,42,52,45,85,KR,2011,7
2011-08-01,40,43,43,33,17,43,41,56,45,78,KR,2011,8
2011-09-01,45,41,42,35,23,43,41,44,41,76,KR,2011,9
2011-10-01,48,44,39,37,17,43,47,51,47,81,KR,2011,10
2011-11-01,58,46,42,39,20,46,45,50,54,94,KR,2011,11
2011-12-01,51,40,42,34,16,41,41,41,49,76,KR,2011,12
2012-01-01,54,45,48,35,31,56,51,50,63,95,KR,2012,1
2012-02-01,58,46,65,40,26,61,60,59,67,97,KR,2012,2
2012-03-01,59,47,51,44,25,53,59,61,61,91,KR,2012,3
2012-04-01,58,44,45,41,21,40,56,53,49,75,KR,2012,4
2012-05-01,48,42,42,37,22,40,58,51,50,71,KR,2012,5
2012-06-01,46,40,45,38,27,39,51,47,45,76,KR,2012,6
2012-07-01,42,39,46,34,26,42,48,54,44,77,KR,2012,7
2012-08-01,39,37,44,33,26,42,50,55,44,76,KR,2012,8
2012-09-01,46,40,44,37,25,52,51,48,49,90,KR,2012,9
2012-10-01,47,37,42,35,21,42,57,49,45,71,KR,2012,10
2012-11-01,49,37,44,37,18,45,50,45,48,79,KR,2012,11
2012-12-01,44,44,46,34,19,44,47,43,48,80,KR,2012,12
2013-01-01,37,32,39,32,23,39,45,41,43,71,KR,2013,1
2013-02-01,40,34,42,33,19,41,46,41,46,72,KR,2013,2
2013-03-01,45,35,44,38,20,44,54,45,47,64,KR,2013,3
2013-04-01,51,39,40,42,21,45,56,49,44,67,KR,2013,4
2013-05-01,46,38,46,41,22,38,57,50,46,64,KR,2013,5
2013-06-01,47,37,48,38,29,41,58,53,47,67,KR,2013,6
2013-07-01,41,37,48,37,29,46,58,52,48,76,KR,2013,7
2013-08-01,41,37,47,32,23,42,59,54,49,70,KR,2013,8
2013-09-01,40,34,39,33,24,38,56,44,45,65,KR,2013,9
2013-10-01,45,38,42,40,21,42,62,47,48,69,KR,2013,10
2013-11-01,48,38,43,43,21,45,50,49,56,76,KR,2013,11
2013-12-01,43,36,41,39,20,45,51,48,53,78,KR,2013,12
2014-01-01,39,34,43,34,25,42,49,44,48,71,KR,2014,1
2014-02-01,42,37,40,38,21,42,46,48,52,72,KR,2014,2
2014-03-01,44,36,43,50,20,43,58,47,44,68,KR,2014,3
2014-04-01,49,38,44,47,21,46,59,71,46,68,KR,2014,4
2014-05-01,51,38,42,47,25,53,57,56,45,67,KR,2014,5
2014-06-01,49,39,43,55,31,54,55,51,45,65,KR,2014,6
2014-07-01,44,37,44,43,28,49,54,55,48,71,KR,2014,7
2014-08-01,41,38,44,37,28,50,54,55,49,72,KR,2014,8
2014-09-01,44,33,41,38,28,42,60,50,44,75,KR,2014,9
2014-10-01,47,38,43,43,24,45,68,49,48,73,KR,2014,10
2014-11-01,51,35,42,47,21,50,60,51,46,76,KR,2014,11
2014-12-01,51,36,44,42,21,46,51,52,47,66,KR,2014,12
2015-01-01,43,33,43,40,26,43,54,53,46,70,KR,2015,1
2015-02-01,39,36,41,36,24,44,54,44,45,64,KR,2015,2
2015-03-01,48,35,42,51,24,44,59,49,47,58,KR,2015,3
2015-04-01,50,40,42,52,28,50,66,57,47,69,KR,2015,4
2015-05-01,49,37,40,48,30,47,61,51,47,66,KR,2015,5
2015-06-01,48,37,45,51,35,53,59,52,44,63,KR,2015,6
2015-07-01,42,35,42,45,38,52,58,54,46,65,KR,2015,7
2015-08-01,41,34,38,40,35,48,55,50,48,64,KR,2015,8
2015-09-01,45,33,39,45,43,55,61,45,45,64,KR,2015,9
2015-10-01,46,37,41,46,38,48,56,45,44,64,KR,2015,10
2015-11-01,47,33,41,50,40,52,54,47,43,63,KR,2015,11
2015-12-01,43,32,42,43,42,52,49,99,47,58,KR,2015,12
2016-01-01,42,36,46,42,55,56,58,100,49,64,KR,2016,1
2016-02-01,41,38,45,46,51,57,59,57,53,67,KR,2016,2
2016-03-01,47,40,43,60,53,55,62,55,61,65,KR,2016,3
2016-04-01,57,41,45,53,55,57,68,59,59,66,KR,2016,4
2016-05-01,61,44,49,59,60,60,71,64,56,71,KR,2016,5
2016-06-01,57,41,45,55,60,58,69,60,53,70,KR,2016,6
2016-07-01,50,42,51,51,63,63,65,64,61,75,KR,2016,7
2016-08-01,45,40,47,46,62,65,65,61,55,72,KR,2016,8
2016-09-01,47,39,46,49,58,62,72,63,54,72,KR,2016,9
2016-10-01,54,39,47,54,57,66,69,59,59,76,KR,2016,10
2016-11-01,55,39,45,56,54,67,69,55,54,75,KR,2016,11
2016-12-01,46,45,48,53,56,69,83,55,61,76,KR,2016,12
2017-01-01,44,37,45,47,68,67,80,54,60,69,KR,2017,1
2017-02-01,49,38,49,51,59,68,60,59,63,72,KR,2017,2
2017-03-01,55,42,48,59,57,74,78,57,56,72,KR,2017,3
2017-04-01,60,47,51,63,67,71,72,64,62,75,KR,2017,4
2017-05-01,56,42,47,56,66,70,69,62,57,66,KR,2017,5
2017-06-01,50,45,46,57,76,62,68,63,54,74,KR,2017,6
2017-07-01,50,44,49,56,77,64,68,61,57,72,KR,2017,7
2017-08-01,47,43,48,53,71,60,72,58,55,67,KR,2017,8
2017-09-01,52,44,47,58,71,63,72,59,61,70,KR,2017,9
2017-10-01,47,38,43,49,67,60,74,55,54,66,KR,2017,10
2017-11-01,62,45,52,64,74,69,66,63,64,74,KR,2017,11
2017-12-01,51,42,48,57,72,70,61,59,69,71,KR,2017,12
2018-01-01,48,50,51,56,100,73,66,59,62,70,KR,2018,1
2018-02-01,43,41,44,46,72,65,61,55,61,58,KR,2018,2
2018-03-01,55,44,52,65,85,66,71,71,64,70,KR,2018,3
2018-04-01,58,43,50,63,73,65,76,72,56,65,KR,2018,4
2018-05-01,66,51,52,62,96,71,78,70,66,69,KR,2018,5
2018-06-01,53,49,47,58,61,64,72,65,63,66,KR,2018,6
2018-07-01,51,49,51,57,57,66,67,68,62,71,KR,2018,7
2018-08-01,51,55,52,55,46,63,73,68,60,72,KR,2018,8
2018-09-01,55,47,50,56,51,64,71,60,64,72,KR,2018,9
2018-10-01,59,45,50,57,38,66,74,58,58,70,KR,2018,10
2018-11-01,70,48,54,70,39,71,73,62,63,75,KR,2018,11
2018-12-01,51,45,48,55,33,64,66,60,60,64,KR,2018,12
2019-01-01,49,47,49,57,47,66,64,57,64,70,KR,2019,1
2019-02-01,47,44,49,52,34,66,63,53,67,67,KR,2019,2
2019-03-01,60,54,54,67,39,69,71,66,65,72,KR,2019,3
2019-04-01,69,59,58,77,38,72,83,71,68,71,KR,2019,4
2019-05-01,72,50,54,67,45,65,83,67,64,70,KR,2019,5
2019-06-01,55,54,52,67,52,61,78,61,63,74,KR,2019,6
2019-07-01,48,52,56,57,54,61,74,63,61,67,KR,2019,7
2019-08-01,50,57,52,55,46,61,68,62,62,73,KR,2019,8
2019-09-01,58,50,53,62,47,64,76,63,67,72,KR,2019,9
2019-10-01,60,54,56,100,41,64,80,74,65,75,KR,2019,10
2019-11-01,69,52,59,69,39,69,75,67,65,73,KR,2019,11
2019-12-01,75,52,64,63,35,70,80,74,66,76,KR,2019,12
2020-01-01,61,46,63,60,51,87,76,72,71,77,KR,2020,1
2020-02-01,55,52,64,68,42,87,77,72,75,82,KR,2020,2
2020-03-01,77,56,80,75,37,83,91,69,79,80,KR,2020,3
2020-04-01,82,55,81,78,36,93,83,70,77,81,KR,2020,4
2020-05-01,90,58,100,83,41,97,90,80,85,82,KR,2020,5
2020-06-01,94,61,85,90,40,91,96,87,75,83,KR,2020,6
2020-07-01,82,61,85,83,41,93,100,91,80,89,KR,2020,7
2020-08-01,72,61,82,73,39,96,87,84,79,91,KR,2020,8
2020-09-01,91,61,87,82,49,91,96,89,90,95,KR,2020,9
2020-10-01,79,53,80,77,51,84,85,93,70,84,KR,2020,10
2020-11-01,76,59,83,87,36,81,89,83,75,82,KR,2020,11
2020-12-01,82,57,91,85,36,100,95,92,100,84,KR,2020,12
2005-01-01,100,92,87,100,22,100,68,95,76,64,FR,2005,1
2005-02-01,84,87,82,88,20,92,65,91,63,48,FR,2005,2
2005-03-01,81,84,77,84,21,90,75,92,65,53,FR,2005,3
2005-04-01,72,84,75,84,25,85,72,91,63,56,FR,2005,4
2005-05-01,73,75,72,82,91,76,76,85,56,56,FR,2005,5
2005-06-01,64,75,74,81,80,72,68,87,62,62,FR,2005,6
2005-07-01,47,68,69,66,23,67,60,93,63,57,FR,2005,7
2005-08-01,39,69,66,56,20,71,51,85,61,55,FR,2005,8
2005-09-01,72,79,72,79,33,74,66,85,65,62,FR,2005,9
2005-10-01,66,82,68,79,26,77,66,77,64,57,FR,2005,10
2005-11-01,70,100,76,77,24,85,67,81,84,68,FR,2005,11
2005-12-01,53,85,65,71,14,79,61,77,89,73,FR,2005,12
2006-01-01,69,98,73,88,29,96,74,81,69,63,FR,2006,1
2006-02-01,68,72,74,82,26,75,77,79,63,59,FR,2006,2
2006-03-01,76,96,81,86,26,78,75,81,66,63,FR,2006,3
2006-04-01,57,85,73,70,28,69,74,77,65,54,FR,2006,4
2006-05-01,54,90,65,77,49,64,77,77,62,55,FR,2006,5
2006-06-01,60,82,100,74,91,59,68,85,69,69,FR,2006,6
2006-07-01,49,67,64,57,27,60,59,85,62,69,FR,2006,7
2006-08-01,40,83,61,56,23,61,65,78,60,66,FR,2006,8
2006-09-01,70,99,68,86,31,65,75,77,67,79,FR,2006,9
2006-10-01,58,93,71,84,25,66,72,73,63,74,FR,2006,10
2006-11-01,56,87,70,82,23,64,74,81,73,81,FR,2006,11
2006-12-01,52,93,60,75,16,75,71,80,100,96,FR,2006,12
2007-01-01,66,94,74,83,30,73,77,100,75,90,FR,2007,1
2007-02-01,66,93,78,82,27,65,77,80,67,79,FR,2007,2
2007-03-01,67,96,75,86,24,64,92,97,70,80,FR,2007,3
2007-04-01,48,82,63,71,28,55,76,84,58,81,FR,2007,4
2007-05-01,49,77,59,77,51,58,80,86,60,76,FR,2007,5
2007-06-01,53,78,62,72,85,56,74,100,63,85,FR,2007,6
2007-07-01,45,74,57,65,39,54,71,96,61,78,FR,2007,7
2007-08-01,36,69,55,48,24,55,60,86,61,78,FR,2007,8
2007-09-01,70,69,55,74,28,57,75,76,57,76,FR,2007,9
2007-10-01,80,82,60,79,27,56,75,80,63,91,FR,2007,10
2007-11-01,53,83,52,83,29,56,78,82,75,93,FR,2007,11
2007-12-01,44,75,50,63,16,57,68,67,88,100,FR,2007,12
2008-01-01,60,76,58,73,40,58,70,76,68,87,FR,2008,1
2008-02-01,67,76,55,67,25,55,79,74,59,84,FR,2008,2
2008-03-01,63,72,53,72,24,55,79,77,55,79,FR,2008,3
2008-04-01,42,64,46,70,26,51,79,81,50,77,FR,2008,4
2008-05-01,41,67,42,60,57,48,74,73,50,78,FR,2008,5
2008-06-01,44,62,47,67,88,49,70,73,52,81,FR,2008,6
2008-07-01,36,52,39,52,31,44,58,72,50,77,FR,2008,7
2008-08-01,28,55,42,44,28,45,62,56,48,85,FR,2008,8
2008-09-01,62,59,43,62,26,43,63,60,45,80,FR,2008,9
2008-10-01,51,66,42,66,30,42,63,61,48,83,FR,2008,10
2008-11-01,44,64,39,63,25,43,66,61,61,80,FR,2008,11
2008-12-01,36,60,41,58,14,47,63,61,65,89,FR,2008,12
2009-01-01,53,63,42,59,27,42,58,60,54,77,FR,2009,1
2009-02-01,56,58,41,61,26,41,67,57,43,76,FR,2009,2
2009-03-01,62,62,42,60,22,38,70,60,41,73,FR,2009,3
2009-04-01,43,56,40,51,23,37,66,59,39,66,FR,2009,4
2009-05-01,38,50,37,48,62,35,65,56,40,68,FR,2009,5
2009-06-01,38,48,31,50,78,30,60,59,37,72,FR,2009,6
2009-07-01,29,45,33,44,27,30,53,58,38,66,FR,2009,7
2009-08-01,23,42,29,36,18,31,53,51,38,62,FR,2009,8
2009-09-01,52,49,35,54,28,33,58,52,38,70,FR,2009,9
2009-10-01,45,48,37,50,21,34,58,49,41,70,FR,2009,10
2009-11-01,41,64,35,53,24,36,61,53,47,79,FR,2009,11
2009-12-01,34,46,32,47,13,37,53,43,53,79,FR,2009,12
2010-01-01,59,49,35,56,24,37,49,47,42,65,FR,2010,1
2010-02-01,47,48,37,51,20,36,60,51,35,56,FR,2010,2
2010-03-01,48,49,33,54,18,38,64,48,34,59,FR,2010,3
2010-04-01,33,45,30,48,20,30,62,53,31,54,FR,2010,4
2010-05-01,36,42,28,47,59,27,62,48,34,54,FR,2010,5
2010-06-01,34,43,30,46,53,25,53,52,33,67,FR,2010,6
2010-07-01,25,36,26,37,16,23,47,46,30,61,FR,2010,7
2010-08-01,20,34,23,31,16,25,53,44,28,68,FR,2010,8
2010-09-01,44,42,27,45,25,25,56,42,31,65,FR,2010,9
2010-10-01,36,44,30,46,17,27,55,46,30,66,FR,2010,10
2010-11-01,39,45,29,47,20,25,53,43,37,73,FR,2010,11
2010-12-01,32,41,26,38,16,25,47,37,40,72,FR,2010,12
2011-01-01,51,53,32,59,26,29,66,52,41,81,FR,2011,1
2011-02-01,48,50,30,52,21,26,67,54,35,77,FR,2011,2
2011-03-01,46,48,27,50,20,25,68,47,31,69,FR,2011,3
2011-04-01,37,45,29,46,23,25,69,51,33,68,FR,2011,4
2011-05-01,38,47,28,51,81,23,67,53,35,68,FR,2011,5
2011-06-01,37,42,26,44,77,24,61,51,32,65,FR,2011,6
2011-07-01,28,41,26,42,25,22,58,55,32,67,FR,2011,7
2011-08-01,27,35,23,35,18,21,54,48,29,63,FR,2011,8
2011-09-01,50,41,27,50,27,24,59,50,29,78,FR,2011,9
2011-10-01,43,42,26,53,17,22,59,44,32,72,FR,2011,10
2011-11-01,41,48,26,55,26,21,65,47,34,68,FR,2011,11
2011-12-01,33,45,25,47,14,23,51,42,44,77,FR,2011,12
2012-01-01,42,47,28,55,25,23,59,43,36,83,FR,2012,1
2012-02-01,46,43,28,49,19,22,55,40,29,72,FR,2012,2
2012-03-01,41,43,29,48,17,24,62,44,29,71,FR,2012,3
2012-04-01,36,43,26,49,22,22,69,53,28,76,FR,2012,4
2012-05-01,30,37,24,44,42,21,64,44,24,62,FR,2012,5
2012-06-01,31,38,24,47,100,18,56,44,27,63,FR,2012,6
2012-07-01,26,34,23,40,26,19,53,44,26,59,FR,2012,7
2012-08-01,21,31,20,32,21,18,51,44,24,59,FR,2012,8
2012-09-01,42,39,23,48,21,20,56,47,28,77,FR,2012,9
2012-10-01,39,43,23,49,18,21,57,47,27,74,FR,2012,10
2012-11-01,34,44,23,51,19,21,60,44,30,73,FR,2012,11
2012-12-01,31,39,22,47,12,21,62,40,38,79,FR,2012,12
2013-01-01,35,40,23,46,21,21,54,36,28,66,FR,2013,1
2013-02-01,39,39,23,47,18,21,63,39,25,69,FR,2013,2
2013-03-01,38,38,24,46,18,19,61,40,25,60,FR,2013,3
2013-04-01,30,38,23,46,22,18,63,41,23,57,FR,2013,4
2013-05-01,28,35,21,42,44,18,64,43,24,56,FR,2013,5
2013-06-01,31,39,23,42,99,18,56,46,26,55,FR,2013,6
2013-07-01,24,33,24,41,24,14,50,44,21,52,FR,2013,7
2013-08-01,19,29,19,32,18,17,52,44,23,53,FR,2013,8
2013-09-01,34,36,20,45,23,17,54,42,24,58,FR,2013,9
2013-10-01,33,40,23,49,22,20,58,41,26,56,FR,2013,10
2013-11-01,32,43,23,45,19,20,54,42,29,56,FR,2013,11
2013-12-01,27,39,22,41,11,19,54,40,35,60,FR,2013,12
2014-01-01,34,38,23,47,25,21,50,40,28,58,FR,2014,1
2014-02-01,37,39,22,45,18,18,58,44,24,53,FR,2014,2
2014-03-01,32,38,22,46,17,16,60,41,22,48,FR,2014,3
2014-04-01,28,36,20,45,20,17,62,42,22,45,FR,2014,4
2014-05-01,27,37,20,42,47,17,64,44,23,49,FR,2014,5
2014-06-01,26,36,19,40,59,15,57,42,21,47,FR,2014,6
2014-07-01,22,38,17,39,19,15,48,45,23,47,FR,2014,7
2014-08-01,20,27,17,32,18,16,50,45,25,43,FR,2014,8
2014-09-01,33,34,18,47,22,16,53,42,22,53,FR,2014,9
2014-10-01,28,39,20,49,20,17,58,39,23,48,FR,2014,10
2014-11-01,28,37,18,48,25,16,58,41,26,48,FR,2014,11
2014-12-01,26,38,18,42,10,17,49,40,32,52,FR,2014,12
2015-01-01,34,34,17,46,17,16,53,35,25,45,FR,2015,1
2015-02-01,36,35,20,47,15,17,55,37,22,42,FR,2015,2
2015-03-01,35,39,19,48,18,15,62,43,20,46,FR,2015,3
2015-04-01,27,33,19,47,20,15,66,45,20,40,FR,2015,4
2015-05-01,25,35,17,40,52,14,61,46,21,37,FR,2015,5
2015-06-01,26,35,15,42,80,13,64,48,20,41,FR,2015,6
2015-07-01,22,29,16,37,26,13,62,47,21,39,FR,2015,7
2015-08-01,18,28,14,34,16,14,59,50,21,38,FR,2015,8
2015-09-01,34,33,16,51,24,15,62,45,21,41,FR,2015,9
2015-10-01,28,39,17,51,17,15,64,45,21,40,FR,2015,10
2015-11-01,33,34,17,50,19,14,58,41,21,39,FR,2015,11
2015-12-01,30,34,15,45,11,14,54,42,30,43,FR,2015,12
2016-01-01,35,38,18,51,21,14,56,43,25,39,FR,2016,1
2016-02-01,42,40,18,49,18,15,67,44,25,41,FR,2016,2
2016-03-01,35,33,17,53,19,13,66,45,21,37,FR,2016,3
2016-04-01,27,34,16,45,20,11,68,45,21,35,FR,2016,4
2016-05-01,26,37,17,47,55,12,68,46,22,35,FR,2016,5
2016-06-01,29,40,16,48,42,11,60,43,20,36,FR,2016,6
2016-07-01,22,32,13,39,25,12,54,46,19,37,FR,2016,7
2016-08-01,19,26,12,35,17,11,52,48,19,34,FR,2016,8
2016-09-01,34,31,15,51,22,12,54,43,18,37,FR,2016,9
2016-10-01,27,33,15,56,17,12,59,40,22,33,FR,2016,10
2016-11-01,30,34,15,51,18,11,60,40,24,32,FR,2016,11
2016-12-01,26,31,15,49,10,12,52,40,25,35,FR,2016,12
2017-01-01,36,33,18,50,29,12,53,40,21,34,FR,2017,1
2017-02-01,34,30,15,50,17,11,56,36,22,30,FR,2017,2
2017-03-01,30,33,15,54,18,11,62,38,20,29,FR,2017,3
2017-04-01,25,31,14,47,20,10,62,42,20,30,FR,2017,4
2017-05-01,28,34,15,47,38,11,64,43,20,29,FR,2017,5
2017-06-01,26,31,15,49,61,11,58,48,19,31,FR,2017,6
2017-07-01,20,29,15,44,29,10,56,51,21,33,FR,2017,7
2017-08-01,18,28,13,43,17,11,58,51,20,32,FR,2017,8
2017-09-01,36,33,15,53,24,12,58,42,21,37,FR,2017,9
2017-10-01,29,38,15,50,19,11,58,38,21,32,FR,2017,10
2017-11-01,27,33,16,48,25,11,54,41,25,36,FR,2017,11
2017-12-01,23,35,13,47,11,11,46,39,26,36,FR,2017,12
2018-01-01,31,31,15,53,24,12,58,37,22,32,FR,2018,1
2018-02-01,30,29,14,46,19,10,53,31,20,27,FR,2018,2
2018-03-01,32,31,19,51,20,11,65,41,20,31,FR,2018,3
2018-04-01,24,32,14,49,20,10,66,38,18,28,FR,2018,4
2018-05-01,25,30,14,44,42,10,66,42,19,27,FR,2018,5
2018-06-01,25,30,14,44,68,9,58,43,18,26,FR,2018,6
2018-07-01,22,27,13,43,29,9,55,48,18,25,FR,2018,7
2018-08-01,19,26,12,37,21,9,58,50,18,25,FR,2018,8
2018-09-01,31,32,14,48,26,11,59,44,19,34,FR,2018,9
2018-10-01,28,31,13,46,18,11,58,41,20,26,FR,2018,10
2018-11-01,27,32,13,51,24,11,59,47,24,28,FR,2018,11
2018-12-01,23,29,11,45,10,11,50,38,24,29,FR,2018,12
2019-01-01,31,29,12,52,27,11,56,34,21,26,FR,2019,1
2019-02-01,31,29,14,47,18,11,59,36,19,24,FR,2019,2
2019-03-01,32,31,13,49,24,10,69,39,17,25,FR,2019,3
2019-04-01,28,31,15,48,23,10,72,45,18,24,FR,2019,4
2019-05-01,26,28,12,45,57,9,66,40,18,23,FR,2019,5
2019-06-01,24,27,13,47,96,9,64,46,18,22,FR,2019,6
2019-07-01,23,26,13,40,43,9,56,48,19,24,FR,2019,7
2019-08-01,18,24,12,36,23,8,68,53,19,22,FR,2019,8
2019-09-01,25,29,14,49,25,11,65,41,20,29,FR,2019,9
2019-10-01,27,32,14,51,22,10,61,42,20,25,FR,2019,10
2019-11-01,25,32,13,48,26,10,57,42,23,27,FR,2019,11
2019-12-01,22,29,12,48,10,10,54,40,24,27,FR,2019,12
2020-01-01,30,32,14,51,29,10,58,43,22,27,FR,2020,1
2020-02-01,24,29,13,54,20,10,65,40,19,21,FR,2020,2
2020-03-01,28,27,13,52,12,13,73,31,18,22,FR,2020,3
2020-04-01,28,24,13,54,10,13,100,26,20,23,FR,2020,4
2020-05-01,27,26,14,52,11,13,89,36,23,25,FR,2020,5
2020-06-01,26,28,14,54,11,10,73,42,20,26,FR,2020,6
2020-07-01,21,27,13,54,10,9,68,50,19,23,FR,2020,7
2020-08-01,21,24,12,49,13,8,66,54,21,22,FR,2020,8
2020-09-01,29,29,14,67,36,10,64,42,19,22,FR,2020,9
2020-10-01,28,28,12,98,65,10,63,37,19,26,FR,2020,10
2020-11-01,26,31,12,94,19,12,67,37,26,24,FR,2020,11
2020-12-01,25,29,12,76,9,11,59,39,27,26,FR,2020,12
2005-01-01,89,94,98,86,32,100,62,86,87,100,GB,2005,1
2005-02-01,96,79,100,87,24,90,77,81,72,96,GB,2005,2
2005-03-01,85,90,98,78,23,81,77,85,74,81,GB,2005,3
2005-04-01,94,79,91,82,26,79,77,78,72,84,GB,2005,4
2005-05-01,93,82,83,74,34,74,74,82,75,79,GB,2005,5
2005-06-01,85,77,94,78,94,64,76,90,65,83,GB,2005,6
2005-07-01,83,85,85,68,42,73,71,93,73,90,GB,2005,7
2005-08-01,76,88,85,63,27,64,68,94,73,81,GB,2005,8
2005-09-01,79,88,82,85,32,62,70,79,79,83,GB,2005,9
2005-10-01,78,87,82,79,22,65,67,70,76,76,GB,2005,10
2005-11-01,94,100,88,100,25,72,72,74,96,91,GB,2005,11
2005-12-01,64,84,73,58,17,62,57,53,100,81,GB,2005,12
2006-01-01,80,89,86,86,30,63,69,83,83,81,GB,2006,1
2006-02-01,80,79,86,80,25,58,74,82,65,72,GB,2006,2
2006-03-01,100,87,78,82,25,60,76,88,69,76,GB,2006,3
2006-04-01,78,78,80,68,22,55,72,77,67,73,GB,2006,4
2006-05-01,74,83,78,71,29,54,72,87,73,74,GB,2006,5
2006-06-01,75,84,79,74,64,55,76,89,64,83,GB,2006,6
2006-07-01,74,86,77,67,52,54,70,100,70,81,GB,2006,7
2006-08-01,67,92,69,62,27,52,69,96,74,85,GB,2006,8
2006-09-01,62,86,73,70,27,56,71,80,67,79,GB,2006,9
2006-10-01,66,82,67,68,20,60,62,68,70,76,GB,2006,10
2006-11-01,77,82,71,74,19,56,67,72,80,80,GB,2006,11
2006-12-01,58,85,55,53,16,54,58,57,94,75,GB,2006,12
2007-01-01,69,84,76,72,31,59,64,90,81,82,GB,2007,1
2007-02-01,70,83,65,71,23,55,69,83,66,78,GB,2007,2
2007-03-01,72,80,76,74,25,54,72,85,69,79,GB,2007,3
2007-04-01,64,64,65,59,23,51,78,77,59,66,GB,2007,4
2007-05-01,65,67,64,65,28,46,71,79,64,73,GB,2007,5
2007-06-01,66,73,70,61,69,47,72,77,60,78,GB,2007,6
2007-07-01,57,72,69,60,55,48,66,81,65,74,GB,2007,7
2007-08-01,54,75,65,57,24,47,68,82,64,72,GB,2007,8
2007-09-01,54,62,56,60,25,41,64,68,61,66,GB,2007,9
2007-10-01,69,68,61,66,20,44,62,66,67,75,GB,2007,10
2007-11-01,69,69,62,65,20,44,63,72,79,81,GB,2007,11
2007-12-01,47,66,47,41,13,40,49,57,85,68,GB,2007,12
2008-01-01,59,68,58,62,28,49,57,72,65,66,GB,2008,1
2008-02-01,60,64,54,58,18,41,63,70,59,62,GB,2008,2
2008-03-01,57,58,54,52,20,38,64,64,53,61,GB,2008,3
2008-04-01,65,58,51,54,21,38,61,64,52,57,GB,2008,4
2008-05-01,56,62,47,50,29,38,63,69,48,54,GB,2008,5
2008-06-01,51,56,46,53,58,39,64,65,47,59,GB,2008,6
2008-07-01,52,57,47,49,54,39,57,71,51,61,GB,2008,7
2008-08-01,45,57,46,46,25,39,59,64,54,65,GB,2008,8
2008-09-01,46,54,43,48,26,35,57,59,43,63,GB,2008,9
2008-10-01,56,57,43,52,18,36,55,55,47,67,GB,2008,10
2008-11-01,57,53,41,51,17,36,55,50,54,67,GB,2008,11
2008-12-01,39,51,37,40,11,35,45,44,64,67,GB,2008,12
2009-01-01,53,52,41,48,25,38,53,53,52,63,GB,2009,1
2009-02-01,53,52,43,50,19,35,57,54,44,65,GB,2009,2
2009-03-01,63,52,41,50,18,35,68,56,43,63,GB,2009,3
2009-04-01,54,49,38,44,20,34,64,57,42,62,GB,2009,4
2009-05-01,57,47,39,44,27,30,60,57,40,60,GB,2009,5
2009-06-01,49,49,37,46,62,30,62,58,38,64,GB,2009,6
2009-07-01,48,48,37,41,47,28,58,64,39,67,GB,2009,7
2009-08-01,43,51,38,42,19,30,61,57,43,69,GB,2009,8
2009-09-01,43,49,37,45,26,29,58,53,42,66,GB,2009,9
2009-10-01,54,48,40,47,14,31,58,51,41,63,GB,2009,10
2009-11-01,58,50,38,49,19,32,60,47,48,72,GB,2009,11
2009-12-01,38,47,31,35,12,29,45,40,48,66,GB,2009,12
2010-01-01,48,49,36,44,27,28,49,47,41,68,GB,2010,1
2010-02-01,55,47,39,46,15,31,53,53,38,60,GB,2010,2
2010-03-01,52,49,41,47,16,30,61,58,36,56,GB,2010,3
2010-04-01,53,45,36,41,16,29,60,56,34,62,GB,2010,4
2010-05-01,51,43,35,42,22,25,64,62,32,57,GB,2010,5
2010-06-01,51,47,36,38,48,25,57,51,34,65,GB,2010,6
2010-07-01,45,48,35,35,26,25,55,58,34,72,GB,2010,7
2010-08-01,41,46,33,36,17,26,58,55,35,69,GB,2010,8
2010-09-01,42,40,30,40,19,24,55,46,34,70,GB,2010,9
2010-10-01,44,43,33,41,13,25,54,47,34,65,GB,2010,10
2010-11-01,48,43,33,45,16,26,52,44,39,69,GB,2010,11
2010-12-01,34,38,24,32,10,22,41,34,40,62,GB,2010,12
2011-01-01,47,47,39,43,29,21,55,48,43,74,GB,2011,1
2011-02-01,47,48,39,43,16,21,59,51,39,73,GB,2011,2
2011-03-01,48,44,37,41,17,21,61,47,35,59,GB,2011,3
2011-04-01,43,41,33,34,19,19,65,53,36,68,GB,2011,4
2011-05-01,50,43,36,40,28,20,69,55,40,69,GB,2011,5
2011-06-01,45,45,36,39,97,19,62,55,39,67,GB,2011,6
2011-07-01,41,49,40,36,44,17,65,62,37,68,GB,2011,7
2011-08-01,39,45,34,34,18,16,59,53,35,68,GB,2011,8
2011-09-01,47,44,35,38,27,15,58,49,34,71,GB,2011,9
2011-10-01,45,44,35,37,15,15,58,43,35,82,GB,2011,10
2011-11-01,48,42,33,41,19,19,51,43,42,68,GB,2011,11
2011-12-01,36,42,27,33,11,16,46,38,45,66,GB,2011,12
2012-01-01,47,41,37,40,26,16,59,52,39,70,GB,2012,1
2012-02-01,45,43,36,39,15,15,55,46,34,62,GB,2012,2
2012-03-01,48,40,33,35,16,14,59,46,31,52,GB,2012,3
2012-04-01,47,44,32,40,17,16,65,60,33,60,GB,2012,4
2012-05-01,47,40,33,42,22,14,56,48,30,53,GB,2012,5
2012-06-01,39,43,30,34,59,13,56,50,31,54,GB,2012,6
2012-07-01,37,34,28,31,67,14,53,49,31,54,GB,2012,7
2012-08-01,36,37,28,29,26,14,51,52,31,52,GB,2012,8
2012-09-01,39,37,31,35,36,14,57,53,32,79,GB,2012,9
2012-10-01,44,41,34,40,16,15,53,43,33,58,GB,2012,10
2012-11-01,42,39,30,39,18,15,52,41,38,58,GB,2012,11
2012-12-01,35,37,26,35,11,14,50,38,42,60,GB,2012,12
2013-01-01,40,36,29,34,26,13,48,40,30,51,GB,2013,1
2013-02-01,44,37,30,38,14,14,55,46,32,52,GB,2013,2
2013-03-01,41,36,29,35,18,13,58,45,29,50,GB,2013,3
2013-04-01,40,37,29,37,16,14,61,46,29,47,GB,2013,4
2013-05-01,43,37,29,33,21,13,62,49,29,48,GB,2013,5
2013-06-01,40,37,31,34,72,13,66,51,31,47,GB,2013,6
2013-07-01,38,33,32,30,79,12,60,50,26,41,GB,2013,7
2013-08-01,32,37,30,29,21,12,59,49,30,45,GB,2013,8
2013-09-01,36,32,27,34,23,13,54,43,28,51,GB,2013,9
2013-10-01,39,34,29,35,14,14,56,44,30,48,GB,2013,10
2013-11-01,39,35,32,39,17,15,54,41,37,47,GB,2013,11
2013-12-01,30,34,25,29,11,14,46,39,40,43,GB,2013,12
2014-01-01,43,36,30,36,25,14,53,48,28,44,GB,2014,1
2014-02-01,43,38,29,36,15,14,55,43,29,39,GB,2014,2
2014-03-01,41,36,28,35,16,12,63,44,26,37,GB,2014,3
2014-04-01,39,32,31,31,15,13,66,49,26,36,GB,2014,4
2014-05-01,41,35,28,33,25,14,61,50,26,38,GB,2014,5
2014-06-01,40,32,28,31,61,14,58,47,26,38,GB,2014,6
2014-07-01,36,33,27,33,41,12,58,51,27,39,GB,2014,7
2014-08-01,33,36,27,32,19,13,61,51,28,42,GB,2014,8
2014-09-01,33,33,25,33,18,13,51,43,27,56,GB,2014,9
2014-10-01,40,35,27,37,17,13,57,39,29,39,GB,2014,10
2014-11-01,36,32,26,36,17,13,51,38,34,39,GB,2014,11
2014-12-01,30,30,23,35,9,13,46,35,37,36,GB,2014,12
2015-01-01,37,32,27,34,22,13,46,46,28,39,GB,2015,1
2015-02-01,40,34,29,39,17,12,56,41,24,34,GB,2015,2
2015-03-01,41,34,29,35,17,12,58,45,26,32,GB,2015,3
2015-04-01,39,32,26,33,17,12,62,47,25,32,GB,2015,4
2015-05-01,36,32,26,31,21,11,63,51,25,33,GB,2015,5
2015-06-01,38,33,27,34,49,10,64,47,26,31,GB,2015,6
2015-07-01,34,35,24,30,85,11,64,54,25,33,GB,2015,7
2015-08-01,31,36,24,29,18,11,63,51,25,32,GB,2015,8
2015-09-01,34,32,25,33,24,10,55,43,25,37,GB,2015,9
2015-10-01,40,32,25,35,13,11,56,41,24,31,GB,2015,10
2015-11-01,36,33,23,34,20,11,49,36,30,31,GB,2015,11
2015-12-01,29,36,20,28,9,11,46,35,32,32,GB,2015,12
2016-01-01,42,32,25,36,27,10,58,40,27,32,GB,2016,1
2016-02-01,43,34,27,43,15,11,61,44,26,31,GB,2016,2
2016-03-01,38,31,22,38,18,9,61,43,23,29,GB,2016,3
2016-04-01,41,28,23,35,15,9,63,40,23,28,GB,2016,4
2016-05-01,42,32,24,37,31,9,73,47,23,28,GB,2016,5
2016-06-01,37,32,24,34,45,9,59,51,23,29,GB,2016,6
2016-07-01,35,32,21,32,75,9,62,47,24,38,GB,2016,7
2016-08-01,31,32,20,30,25,8,63,51,23,32,GB,2016,8
2016-09-01,36,32,23,35,22,9,58,44,25,39,GB,2016,9
2016-10-01,36,33,22,39,15,9,57,40,25,35,GB,2016,10
2016-11-01,41,32,22,43,22,10,51,39,30,34,GB,2016,11
2016-12-01,30,27,19,32,10,9,47,36,31,34,GB,2016,12
2017-01-01,37,34,22,41,30,10,55,42,27,33,GB,2017,1
2017-02-01,42,30,25,37,14,9,59,42,23,34,GB,2017,2
2017-03-01,40,28,22,37,16,9,60,41,21,30,GB,2017,3
2017-04-01,39,30,22,36,17,9,69,43,22,30,GB,2017,4
2017-05-01,41,32,24,37,21,11,68,48,25,30,GB,2017,5
2017-06-01,39,31,22,34,40,9,63,47,24,30,GB,2017,6
2017-07-01,38,32,23,36,100,9,66,52,25,33,GB,2017,7
2017-08-01,32,33,22,33,16,9,67,52,24,32,GB,2017,8
2017-09-01,34,30,21,39,19,9,60,45,24,38,GB,2017,9
2017-10-01,37,31,22,37,14,9,64,41,24,34,GB,2017,10
2017-11-01,40,31,23,38,17,10,57,37,31,36,GB,2017,11
2017-12-01,29,30,17,33,10,9,51,33,31,32,GB,2017,12
2018-01-01,41,29,23,43,27,10,55,43,24,33,GB,2018,1
2018-02-01,36,30,21,47,13,9,52,40,22,28,GB,2018,2
2018-03-01,40,30,24,38,16,9,57,44,23,29,GB,2018,3
2018-04-01,37,28,21,35,13,8,64,43,21,27,GB,2018,4
2018-05-01,44,31,22,33,20,8,69,46,21,27,GB,2018,5
2018-06-01,42,28,21,30,36,7,66,45,21,26,GB,2018,6
2018-07-01,43,28,21,31,68,8,61,51,18,28,GB,2018,7
2018-08-01,35,29,18,31,20,8,66,47,21,28,GB,2018,8
2018-09-01,36,30,21,34,24,8,59,50,24,32,GB,2018,9
2018-10-01,39,27,20,35,12,8,58,40,21,27,GB,2018,10
2018-11-01,38,30,20,38,14,9,56,38,27,33,GB,2018,11
2018-12-01,28,28,15,26,9,8,51,35,27,29,GB,2018,12
2019-01-01,40,30,22,37,27,8,55,41,23,26,GB,2019,1
2019-02-01,37,31,21,36,12,8,58,39,21,27,GB,2019,2
2019-03-01,41,29,19,35,16,9,63,41,21,25,GB,2019,3
2019-04-01,39,31,20,34,13,8,72,46,21,26,GB,2019,4
2019-05-01,39,29,19,31,22,8,61,45,19,27,GB,2019,5
2019-06-01,35,28,19,30,42,8,64,49,21,25,GB,2019,6
2019-07-01,41,28,20,32,92,8,69,51,20,26,GB,2019,7
2019-08-01,35,30,18,30,18,7,67,52,21,25,GB,2019,8
2019-09-01,38,29,20,31,19,8,62,43,21,31,GB,2019,9
2019-10-01,44,29,20,36,16,9,59,42,22,30,GB,2019,10
2019-11-01,40,31,20,40,17,9,62,37,28,31,GB,2019,11
2019-12-01,32,30,17,30,9,8,53,33,27,30,GB,2019,12
2020-01-01,43,31,21,35,21,9,67,44,23,28,GB,2020,1
2020-02-01,44,30,20,35,15,9,64,42,21,27,GB,2020,2
2020-03-01,58,28,20,47,9,10,70,35,22,26,GB,2020,3
2020-04-01,53,28,19,45,7,10,94,28,24,27,GB,2020,4
2020-05-01,49,29,22,46,9,10,100,39,25,28,GB,2020,5
2020-06-01,48,30,22,48,12,10,93,42,26,28,GB,2020,6
2020-07-01,49,31,22,45,14,8,87,46,24,28,GB,2020,7
2020-08-01,42,28,19,45,12,8,89,48,23,28,GB,2020,8
2020-09-01,44,28,21,48,22,8,83,46,22,29,GB,2020,9
2020-10-01,45,27,21,51,18,8,76,36,23,31,GB,2020,10
2020-11-01,48,27,20,48,12,9,68,33,32,31,GB,2020,11
2020-12-01,42,26,16,48,7,9,63,34,30,31,GB,2020,12
2005-01-01,96,100,100,93,47,100,91,79,99,71,CA,2005,1
2005-02-01,87,91,97,100,31,88,92,88,72,71,CA,2005,2
2005-03-01,91,87,93,94,33,91,100,83,76,67,CA,2005,3
2005-04-01,95,91,84,93,33,77,98,83,72,63,CA,2005,4
2005-05-01,82,88,83,84,35,67,93,90,74,61,CA,2005,5
2005-06-01,78,85,80,77,60,60,86,83,70,63,CA,2005,6
2005-07-01,67,83,82,70,36,62,85,100,75,68,CA,2005,7
2005-08-01,66,83,85,75,64,69,79,91,79,69,CA,2005,8
2005-09-01,77,88,78,72,75,67,82,80,75,65,CA,2005,9
2005-10-01,82,82,81,76,25,65,91,80,71,60,CA,2005,10
2005-11-01,100,90,84,91,25,74,83,80,92,75,CA,2005,11
2005-12-01,67,82,68,63,20,66,68,65,96,75,CA,2005,12
2006-01-01,80,82,84,77,49,69,78,77,79,66,CA,2006,1
2006-02-01,78,78,100,78,24,67,84,79,64,70,CA,2006,2
2006-03-01,93,76,80,80,30,60,90,85,67,68,CA,2006,3
2006-04-01,78,72,71,71,27,51,92,79,65,61,CA,2006,4
2006-05-01,70,69,73,70,29,48,91,75,62,60,CA,2006,5
2006-06-01,74,76,72,68,55,51,86,83,68,66,CA,2006,6
2006-07-01,61,71,71,59,45,51,90,91,60,68,CA,2006,7
2006-08-01,56,65,69,62,76,52,78,84,66,71,CA,2006,8
2006-09-01,70,64,72,64,70,53,83,71,67,72,CA,2006,9
2006-10-01,70,62,71,66,24,52,79,69,67,67,CA,2006,10
2006-11-01,76,67,72,70,22,50,75,71,79,71,CA,2006,11
2006-12-01,56,66,65,55,17,57,65,65,100,75,CA,2006,12
2007-01-01,71,66,78,66,53,52,74,78,80,80,CA,2007,1
2007-02-01,70,63,82,66,27,48,75,69,65,69,CA,2007,2
2007-03-01,68,64,74,73,31,50,81,77,68,71,CA,2007,3
2007-04-01,64,56,67,70,31,44,84,70,66,69,CA,2007,4
2007-05-01,62,55,63,63,32,34,78,63,57,62,CA,2007,5
2007-06-01,57,53,61,57,55,33,75,69,54,75,CA,2007,6
2007-07-01,53,55,55,50,53,36,69,70,63,73,CA,2007,7
2007-08-01,50,60,65,56,64,40,69,69,65,72,CA,2007,8
2007-09-01,55,51,58,58,59,33,70,59,60,64,CA,2007,9
2007-10-01,62,56,62,67,27,37,78,64,66,67,CA,2007,10
2007-11-01,61,58,60,66,25,39,71,57,71,72,CA,2007,11
2007-12-01,47,50,51,44,16,39,54,52,82,68,CA,2007,12
2008-01-01,53,53,53,65,51,35,59,55,68,66,CA,2008,1
2008-02-01,54,49,56,62,21,35,58,54,57,60,CA,2008,2
2008-03-01,52,46,52,55,27,32,60,54,56,59,CA,2008,3
2008-04-01,51,45,48,58,27,32,65,56,50,62,CA,2008,4
2008-05-01,48,43,52,51,30,29,69,52,47,61,CA,2008,5
2008-06-01,45,41,44,44,54,27,64,52,48,61,CA,2008,6
2008-07-01,45,42,46,42,64,27,59,54,51,70,CA,2008,7
2008-08-01,42,43,43,40,42,35,60,55,51,77,CA,2008,8
2008-09-01,42,41,40,45,47,26,56,49,47,67,CA,2008,9
2008-10-01,46,42,43,52,19,26,64,47,47,63,CA,2008,10
2008-11-01,47,42,39,45,18,27,50,47,51,68,CA,2008,11
2008-12-01,39,40,39,34,12,28,48,42,62,75,CA,2008,12
2009-01-01,42,43,43,44,37,26,47,46,49,72,CA,2009,1
2009-02-01,43,40,45,48,23,26,54,45,45,73,CA,2009,2
2009-03-01,50,44,40,50,23,27,59,48,44,81,CA,2009,3
2009-04-01,44,40,40,47,25,26,62,47,42,76,CA,2009,4
2009-05-01,40,37,37,39,30,22,63,45,39,72,CA,2009,5
2009-06-01,38,37,36,38,54,18,60,46,39,86,CA,2009,6
2009-07-01,36,38,35,37,40,19,56,48,40,84,CA,2009,7
2009-08-01,37,38,37,38,48,22,61,47,42,92,CA,2009,8
2009-09-01,40,41,36,39,73,20,55,46,42,88,CA,2009,9
2009-10-01,44,42,36,44,20,20,65,43,40,98,CA,2009,10
2009-11-01,46,43,36,42,20,21,54,44,46,88,CA,2009,11
2009-12-01,34,37,34,35,14,20,41,36,52,87,CA,2009,12
2010-01-01,39,40,37,38,36,20,47,42,50,87,CA,2010,1
2010-02-01,39,39,36,45,19,19,46,38,38,79,CA,2010,2
2010-03-01,44,38,36,45,20,21,58,44,37,77,CA,2010,3
2010-04-01,41,35,35,43,22,20,62,41,36,76,CA,2010,4
2010-05-01,37,32,33,37,26,16,58,42,32,66,CA,2010,5
2010-06-01,37,35,33,36,42,15,54,46,34,75,CA,2010,6
2010-07-01,32,33,32,37,23,16,46,50,32,85,CA,2010,7
2010-08-01,32,34,32,33,40,16,48,52,35,94,CA,2010,8
2010-09-01,36,35,30,33,50,15,50,44,33,80,CA,2010,9
2010-10-01,39,34,30,36,17,15,51,40,32,82,CA,2010,10
2010-11-01,41,34,31,38,18,15,47,37,38,83,CA,2010,11
2010-12-01,28,32,27,28,12,15,36,35,46,86,CA,2010,12
2011-01-01,38,39,37,40,41,16,50,47,45,89,CA,2011,1
2011-02-01,38,35,39,41,22,16,49,45,40,83,CA,2011,2
2011-03-01,41,36,36,42,27,16,53,48,35,78,CA,2011,3
2011-04-01,41,39,37,40,26,18,57,46,40,84,CA,2011,4
2011-05-01,39,36,34,38,36,17,58,45,38,82,CA,2011,5
2011-06-01,35,33,33,36,55,15,56,50,35,81,CA,2011,6
2011-07-01,33,34,32,34,30,14,58,57,34,84,CA,2011,7
2011-08-01,31,36,33,33,41,12,55,53,36,81,CA,2011,8
2011-09-01,40,37,31,35,53,14,56,52,34,83,CA,2011,9
2011-10-01,38,38,31,36,17,12,55,55,34,91,CA,2011,10
2011-11-01,39,36,32,37,21,13,50,47,39,78,CA,2011,11
2011-12-01,29,36,30,30,14,12,42,39,44,83,CA,2011,12
2012-01-01,38,35,36,36,38,13,47,54,38,82,CA,2012,1
2012-02-01,39,38,34,39,21,13,47,44,33,72,CA,2012,2
2012-03-01,39,33,33,38,27,12,49,47,32,73,CA,2012,3
2012-04-01,42,35,33,37,19,12,60,55,34,77,CA,2012,4
2012-05-01,37,32,30,36,26,11,62,42,28,67,CA,2012,5
2012-06-01,32,28,30,35,45,11,54,50,30,76,CA,2012,6
2012-07-01,32,28,34,29,38,12,50,51,28,66,CA,2012,7
2012-08-01,32,32,29,32,44,10,55,51,32,76,CA,2012,8
2012-09-01,35,34,35,33,45,13,57,48,34,100,CA,2012,9
2012-10-01,40,34,30,38,19,12,59,45,34,78,CA,2012,10
2012-11-01,36,32,31,40,17,12,48,48,36,73,CA,2012,11
2012-12-01,31,33,27,34,13,12,45,42,43,80,CA,2012,12
2013-01-01,33,28,30,34,30,11,41,40,33,76,CA,2013,1
2013-02-01,35,32,34,36,18,11,49,42,33,74,CA,2013,2
2013-03-01,39,31,34,37,22,11,53,44,29,64,CA,2013,3
2013-04-01,36,33,31,37,21,11,57,44,30,62,CA,2013,4
2013-05-01,38,29,32,34,25,10,61,52,28,60,CA,2013,5
2013-06-01,33,30,31,33,43,10,58,49,29,63,CA,2013,6
2013-07-01,33,31,36,31,33,10,58,52,28,61,CA,2013,7
2013-08-01,30,31,31,32,52,11,56,52,28,69,CA,2013,8
2013-09-01,35,30,30,33,45,11,57,49,30,72,CA,2013,9
2013-10-01,37,33,33,36,22,12,55,43,30,65,CA,2013,10
2013-11-01,38,32,33,36,18,12,50,42,36,64,CA,2013,11
2013-12-01,28,29,26,29,13,11,40,42,38,57,CA,2013,12
2014-01-01,34,31,33,35,42,11,45,44,31,55,CA,2014,1
2014-02-01,32,30,31,33,16,11,47,39,27,48,CA,2014,2
2014-03-01,33,31,32,35,25,10,53,42,28,50,CA,2014,3
2014-04-01,34,28,31,35,20,11,59,42,27,47,CA,2014,4
2014-05-01,34,28,29,34,28,10,62,45,25,47,CA,2014,5
2014-06-01,34,28,27,32,46,9,57,46,26,48,CA,2014,6
2014-07-01,29,28,26,29,49,9,54,52,26,46,CA,2014,7
2014-08-01,31,27,27,28,62,10,59,46,27,49,CA,2014,8
2014-09-01,32,28,25,32,41,10,54,46,29,63,CA,2014,9
2014-10-01,34,30,28,34,21,10,54,46,25,48,CA,2014,10
2014-11-01,32,28,26,32,19,10,47,38,30,47,CA,2014,11
2014-12-01,26,26,25,26,10,10,41,38,35,49,CA,2014,12
2015-01-01,29,26,27,31,35,9,41,36,27,45,CA,2015,1
2015-02-01,30,27,27,32,18,10,44,40,25,40,CA,2015,2
2015-03-01,34,28,30,35,24,9,47,41,26,43,CA,2015,3
2015-04-01,33,30,28,32,20,9,54,47,23,42,CA,2015,4
2015-05-01,34,24,23,29,26,9,56,44,23,40,CA,2015,5
2015-06-01,31,27,25,31,33,9,60,48,25,44,CA,2015,6
2015-07-01,29,28,25,27,37,9,58,49,24,42,CA,2015,7
2015-08-01,25,27,25,27,39,9,56,48,26,45,CA,2015,8
2015-09-01,31,26,25,29,50,10,57,43,25,48,CA,2015,9
2015-10-01,34,29,24,30,15,9,56,43,23,43,CA,2015,10
2015-11-01,33,25,24,30,17,8,48,37,27,42,CA,2015,11
2015-12-01,27,27,22,28,10,8,52,34,31,44,CA,2015,12
2016-01-01,30,27,23,33,39,8,49,36,27,40,CA,2016,1
2016-02-01,34,28,25,35,16,8,51,40,25,41,CA,2016,2
2016-03-01,31,25,24,35,25,8,55,36,22,40,CA,2016,3
2016-04-01,35,27,21,35,18,7,63,41,22,40,CA,2016,4
2016-05-01,33,26,22,32,30,7,66,44,21,37,CA,2016,5
2016-06-01,33,25,21,31,30,7,56,42,23,41,CA,2016,6
2016-07-01,30,25,20,28,59,7,60,50,23,46,CA,2016,7
2016-08-01,31,24,21,31,25,7,56,50,21,42,CA,2016,8
2016-09-01,34,26,21,30,30,7,58,45,24,52,CA,2016,9
2016-10-01,32,26,21,33,14,7,58,41,24,42,CA,2016,10
2016-11-01,31,27,21,34,14,7,49,36,26,44,CA,2016,11
2016-12-01,28,24,22,29,10,7,43,33,29,44,CA,2016,12
2017-01-01,33,27,24,34,41,7,47,39,25,42,CA,2017,1
2017-02-01,34,25,23,34,15,8,50,35,25,43,CA,2017,2
2017-03-01,36,27,23,37,22,7,54,40,23,42,CA,2017,3
2017-04-01,37,28,22,36,20,8,61,43,21,41,CA,2017,4
2017-05-01,35,25,23,32,23,8,61,44,21,41,CA,2017,5
2017-06-01,35,27,21,32,34,7,61,46,22,43,CA,2017,6
2017-07-01,33,25,20,30,48,7,63,54,23,45,CA,2017,7
2017-08-01,32,26,21,32,48,7,60,53,23,45,CA,2017,8
2017-09-01,35,25,24,32,50,7,60,46,22,51,CA,2017,9
2017-10-01,35,24,20,33,17,7,57,41,22,50,CA,2017,10
2017-11-01,39,24,21,36,16,8,52,40,27,52,CA,2017,11
2017-12-01,28,24,17,29,12,7,48,39,27,48,CA,2017,12
2018-01-01,33,26,21,33,38,8,45,42,26,43,CA,2018,1
2018-02-01,36,25,21,35,17,7,49,37,22,39,CA,2018,2
2018-03-01,37,26,22,34,26,7,55,42,23,41,CA,2018,3
2018-04-01,35,26,24,34,17,7,56,41,20,36,CA,2018,4
2018-05-01,41,27,20,32,26,7,64,44,21,37,CA,2018,5
2018-06-01,36,25,19,28,37,6,63,47,21,36,CA,2018,6
2018-07-01,35,24,20,29,49,6,62,51,22,38,CA,2018,7
2018-08-01,36,24,19,29,54,6,61,54,21,37,CA,2018,8
2018-09-01,35,25,19,31,59,7,61,47,23,47,CA,2018,9
2018-10-01,35,25,18,32,16,6,58,42,21,36,CA,2018,10
2018-11-01,37,25,20,33,17,7,52,41,26,41,CA,2018,11
2018-12-01,27,23,17,27,9,7,46,38,28,41,CA,2018,12
2019-01-01,33,25,20,33,51,7,50,42,25,38,CA,2019,1
2019-02-01,34,26,20,34,17,6,47,40,21,35,CA,2019,2
2019-03-01,38,26,19,32,45,7,57,41,21,35,CA,2019,3
2019-04-01,34,27,19,36,21,7,60,44,24,38,CA,2019,4
2019-05-01,36,25,18,32,31,7,71,46,20,36,CA,2019,5
2019-06-01,33,25,18,29,42,7,64,49,20,35,CA,2019,6
2019-07-01,33,24,18,28,65,6,65,58,21,36,CA,2019,7
2019-08-01,31,26,19,29,76,6,66,55,22,39,CA,2019,8
2019-09-01,35,23,20,31,100,6,66,47,21,44,CA,2019,9
2019-10-01,35,25,20,34,26,7,60,42,21,39,CA,2019,10
2019-11-01,36,27,20,34,26,7,56,40,25,41,CA,2019,11
2019-12-01,27,22,17,28,11,7,48,40,27,42,CA,2019,12
2020-01-01,36,25,20,32,51,7,51,40,23,37,CA,2020,1
2020-02-01,35,24,20,32,21,7,47,38,21,35,CA,2020,2
2020-03-01,49,25,20,76,11,8,61,38,21,34,CA,2020,3
2020-04-01,40,26,20,74,9,8,74,37,24,36,CA,2020,4
2020-05-01,45,25,24,58,10,8,98,44,25,39,CA,2020,5
2020-06-01,41,24,21,54,13,7,86,51,24,40,CA,2020,6
2020-07-01,41,24,20,46,12,6,82,57,24,40,CA,2020,7
2020-08-01,37,22,20,45,15,6,78,52,22,40,CA,2020,8
2020-09-01,39,22,19,45,55,6,86,43,23,40,CA,2020,9
2020-10-01,39,22,18,49,31,6,63,37,22,40,CA,2020,10
2020-11-01,37,23,16,50,16,6,56,36,26,40,CA,2020,11
2020-12-01,36,25,17,48,9,7,58,44,28,41,CA,2020,12
2005-01-01,100,94,88,100,71,100,95,92,98,100,CH,2005,1
2005-02-01,96,82,100,91,35,79,96,94,88,84,CH,2005,2
2005-03-01,92,79,89,89,41,79,96,92,84,81,CH,2005,3
2005-04-01,87,100,82,87,40,64,99,94,84,83,CH,2005,4
2005-05-01,97,90,83,81,68,62,100,91,81,76,CH,2005,5
2005-06-01,100,80,83,78,82,59,100,96,79,83,CH,2005,6
2005-07-01,78,85,81,78,53,52,88,99,86,90,CH,2005,7
2005-08-01,81,87,79,81,45,56,95,100,88,94,CH,2005,8
2005-09-01,86,80,81,84,60,51,91,77,89,87,CH,2005,9
2005-10-01,79,77,74,76,38,59,89,68,80,73,CH,2005,10
2005-11-01,95,77,87,82,39,65,88,91,94,84,CH,2005,11
2005-12-01,76,74,73,69,24,66,80,75,100,83,CH,2005,12
2006-01-01,97,75,81,75,84,65,86,75,85,82,CH,2006,1
2006-02-01,90,74,79,80,39,58,85,82,78,76,CH,2006,2
2006-03-01,89,70,77,81,42,52,90,96,76,89,CH,2006,3
2006-04-01,79,68,80,69,37,55,83,74,73,68,CH,2006,4
2006-05-01,78,73,70,69,46,51,97,91,80,73,CH,2006,5
2006-06-01,84,88,63,74,78,43,88,97,77,80,CH,2006,6
2006-07-01,71,70,66,60,43,40,71,89,74,71,CH,2006,7
2006-08-01,79,71,68,74,43,52,92,90,79,83,CH,2006,8
2006-09-01,82,68,62,73,49,49,90,79,81,74,CH,2006,9
2006-10-01,73,63,63,66,39,48,80,67,72,70,CH,2006,10
2006-11-01,82,67,61,73,41,51,95,66,79,77,CH,2006,11
2006-12-01,72,59,60,57,24,53,76,69,96,77,CH,2006,12
2007-01-01,78,61,71,69,64,50,88,86,86,82,CH,2007,1
2007-02-01,80,60,66,65,31,51,83,73,74,70,CH,2007,2
2007-03-01,74,59,59,68,34,48,87,81,82,72,CH,2007,3
2007-04-01,64,50,53,65,31,42,92,72,66,74,CH,2007,4
2007-05-01,73,56,54,58,54,39,97,74,66,67,CH,2007,5
2007-06-01,73,55,56,65,86,38,87,89,66,70,CH,2007,6
2007-07-01,62,53,49,60,53,37,74,78,64,67,CH,2007,7
2007-08-01,68,52,69,70,42,43,88,77,77,80,CH,2007,8
2007-09-01,65,47,46,62,54,37,81,56,64,73,CH,2007,9
2007-10-01,70,50,52,66,34,40,93,63,64,77,CH,2007,10
2007-11-01,75,52,55,71,46,40,86,60,73,87,CH,2007,11
2007-12-01,52,46,46,58,20,36,68,56,79,77,CH,2007,12
2008-01-01,65,46,51,64,64,40,70,57,63,73,CH,2008,1
2008-02-01,64,44,54,63,24,35,75,67,58,71,CH,2008,2
2008-03-01,55,42,44,59,33,36,72,69,61,72,CH,2008,3
2008-04-01,63,43,47,64,37,34,80,65,52,67,CH,2008,4
2008-05-01,57,41,41,57,55,33,79,70,55,63,CH,2008,5
2008-06-01,55,42,39,57,73,31,74,67,51,63,CH,2008,6
2008-07-01,46,41,41,49,48,33,64,65,50,75,CH,2008,7
2008-08-01,53,38,42,60,42,35,72,60,55,72,CH,2008,8
2008-09-01,52,39,38,55,48,32,72,55,52,70,CH,2008,9
2008-10-01,55,40,36,59,30,30,69,57,51,66,CH,2008,10
2008-11-01,52,37,41,59,28,31,68,55,54,70,CH,2008,11
2008-12-01,44,35,31,51,16,30,59,49,61,71,CH,2008,12
2009-01-01,48,35,39,55,51,29,63,51,51,63,CH,2009,1
2009-02-01,59,36,39,57,26,29,60,53,43,60,CH,2009,2
2009-03-01,65,38,37,56,30,32,68,56,48,55,CH,2009,3
2009-04-01,50,32,34,48,31,25,62,56,45,53,CH,2009,4
2009-05-01,50,31,34,51,51,23,68,55,45,48,CH,2009,5
2009-06-01,47,34,31,50,100,21,61,56,43,67,CH,2009,6
2009-07-01,44,32,28,47,59,20,60,53,43,54,CH,2009,7
2009-08-01,42,32,31,51,34,22,63,59,42,59,CH,2009,8
2009-09-01,46,34,34,49,50,21,60,52,42,51,CH,2009,9
2009-10-01,48,32,33,48,19,23,63,41,40,52,CH,2009,10
2009-11-01,53,35,34,55,33,26,64,43,45,56,CH,2009,11
2009-12-01,39,32,33,47,14,22,55,39,53,55,CH,2009,12
2010-01-01,50,30,35,46,46,24,59,49,43,56,CH,2010,1
2010-02-01,49,31,32,48,21,19,52,41,38,49,CH,2010,2
2010-03-01,45,30,32,49,24,21,67,48,43,51,CH,2010,3
2010-04-01,47,29,28,44,19,19,63,50,35,48,CH,2010,4
2010-05-01,43,28,28,43,41,18,66,46,38,47,CH,2010,5
2010-06-01,41,26,28,45,45,16,63,50,38,51,CH,2010,6
2010-07-01,36,22,26,40,17,14,48,46,32,47,CH,2010,7
2010-08-01,38,27,26,45,26,17,57,47,36,56,CH,2010,8
2010-09-01,39,26,26,42,37,15,57,40,33,50,CH,2010,9
2010-10-01,37,23,26,41,20,18,53,39,32,52,CH,2010,10
2010-11-01,45,27,29,46,31,16,55,38,39,51,CH,2010,11
2010-12-01,35,25,26,42,15,15,50,34,42,56,CH,2010,12
2011-01-01,46,31,31,51,50,21,62,42,45,60,CH,2011,1
2011-02-01,48,28,32,48,22,20,63,45,41,60,CH,2011,2
2011-03-01,46,28,29,49,27,17,65,40,38,47,CH,2011,3
2011-04-01,44,26,30,43,26,18,74,40,39,52,CH,2011,4
2011-05-01,45,28,31,48,47,18,73,46,38,54,CH,2011,5
2011-06-01,47,28,29,44,67,17,65,45,40,52,CH,2011,6
2011-07-01,43,29,29,44,27,17,61,48,40,54,CH,2011,7
2011-08-01,38,28,28,45,25,14,61,42,37,51,CH,2011,8
2011-09-01,45,28,29,50,41,16,63,41,35,56,CH,2011,9
2011-10-01,44,27,28,51,19,16,63,38,37,61,CH,2011,10
2011-11-01,46,27,28,67,40,17,67,39,43,53,CH,2011,11
2011-12-01,37,26,26,63,17,16,57,36,48,51,CH,2011,12
2012-01-01,43,29,33,64,40,16,63,49,41,54,CH,2012,1
2012-02-01,42,27,29,55,25,15,59,46,41,48,CH,2012,2
2012-03-01,42,25,27,56,30,14,67,45,39,44,CH,2012,3
2012-04-01,42,27,28,54,25,16,68,49,41,46,CH,2012,4
2012-05-01,43,27,25,57,39,14,71,49,37,40,CH,2012,5
2012-06-01,41,25,26,50,61,13,65,47,33,43,CH,2012,6
2012-07-01,36,23,24,45,49,14,57,46,30,40,CH,2012,7
2012-08-01,37,24,24,48,40,14,60,48,33,45,CH,2012,8
2012-09-01,43,25,26,53,33,15,63,44,38,62,CH,2012,9
2012-10-01,39,26,26,60,28,14,60,43,36,45,CH,2012,10
2012-11-01,41,25,26,58,25,15,61,39,39,45,CH,2012,11
2012-12-01,35,24,24,62,18,15,69,35,41,44,CH,2012,12
2013-01-01,37,24,24,54,38,15,59,38,35,41,CH,2013,1
2013-02-01,37,24,26,52,21,14,61,39,35,43,CH,2013,2
2013-03-01,38,23,24,52,21,15,64,42,35,40,CH,2013,3
2013-04-01,38,23,24,47,22,13,68,41,32,34,CH,2013,4
2013-05-01,36,22,23,50,34,12,71,42,32,36,CH,2013,5
2013-06-01,37,22,23,48,56,12,62,47,31,37,CH,2013,6
2013-07-01,32,21,23,46,32,11,57,41,27,33,CH,2013,7
2013-08-01,34,21,22,47,26,12,58,40,28,34,CH,2013,8
2013-09-01,36,20,21,51,33,13,58,38,32,40,CH,2013,9
2013-10-01,36,21,23,52,24,13,59,37,32,37,CH,2013,10
2013-11-01,37,22,24,51,29,14,57,35,35,34,CH,2013,11
2013-12-01,32,20,20,54,14,12,54,32,38,36,CH,2013,12
2014-01-01,37,21,23,49,61,14,59,42,34,35,CH,2014,1
2014-02-01,35,20,23,47,19,13,55,40,30,32,CH,2014,2
2014-03-01,33,21,21,46,26,13,60,38,29,31,CH,2014,3
2014-04-01,33,20,20,46,27,13,61,41,30,31,CH,2014,4
2014-05-01,36,20,22,47,35,13,66,40,29,33,CH,2014,5
2014-06-01,35,21,20,40,40,11,59,41,28,30,CH,2014,6
2014-07-01,31,20,21,43,30,11,53,44,28,31,CH,2014,7
2014-08-01,35,21,23,50,27,12,54,43,30,35,CH,2014,8
2014-09-01,35,20,22,45,33,12,55,39,28,41,CH,2014,9
2014-10-01,34,21,23,49,29,12,58,38,30,33,CH,2014,10
2014-11-01,35,20,21,48,41,12,61,38,34,35,CH,2014,11
2014-12-01,29,19,22,46,15,11,51,36,36,33,CH,2014,12
2015-01-01,33,21,25,46,29,12,54,38,30,33,CH,2015,1
2015-02-01,34,21,26,48,18,13,58,39,30,32,CH,2015,2
2015-03-01,36,21,24,47,23,13,61,40,29,30,CH,2015,3
2015-04-01,35,21,22,45,20,12,69,42,30,31,CH,2015,4
2015-05-01,35,19,22,43,33,11,62,44,32,29,CH,2015,5
2015-06-01,34,19,22,40,49,10,62,42,28,26,CH,2015,6
2015-07-01,28,18,20,34,35,9,47,41,24,23,CH,2015,7
2015-08-01,30,18,21,40,23,12,60,39,24,26,CH,2015,8
2015-09-01,32,19,22,44,38,11,58,33,25,27,CH,2015,9
2015-10-01,30,18,21,45,17,10,53,36,24,28,CH,2015,10
2015-11-01,31,18,21,44,24,10,52,33,25,25,CH,2015,11
2015-12-01,28,17,20,44,12,10,47,32,32,25,CH,2015,12
2016-01-01,34,20,23,48,32,11,60,40,30,29,CH,2016,1
2016-02-01,38,22,26,50,20,11,69,40,30,29,CH,2016,2
2016-03-01,33,19,21,47,19,10,64,38,27,28,CH,2016,3
2016-04-01,34,20,21,44,23,10,71,40,27,25,CH,2016,4
2016-05-01,37,19,21,45,30,9,68,44,28,28,CH,2016,5
2016-06-01,35,20,21,51,32,10,69,43,28,27,CH,2016,6
2016-07-01,30,17,19,40,33,9,56,45,26,27,CH,2016,7
2016-08-01,31,19,19,44,21,8,59,41,26,29,CH,2016,8
2016-09-01,34,19,21,46,31,10,63,42,29,36,CH,2016,9
2016-10-01,34,20,20,48,18,10,70,34,28,31,CH,2016,10
2016-11-01,36,21,19,52,19,10,64,35,30,27,CH,2016,11
2016-12-01,30,19,18,41,13,9,56,29,33,26,CH,2016,12
2017-01-01,32,19,21,46,64,9,59,37,28,28,CH,2017,1
2017-02-01,34,19,21,41,20,9,60,37,25,27,CH,2017,2
2017-03-01,34,18,20,47,30,9,63,36,25,25,CH,2017,3
2017-04-01,32,18,20,43,27,9,67,39,28,25,CH,2017,4
2017-05-01,36,19,20,43,26,11,69,42,28,26,CH,2017,5
2017-06-01,35,20,19,51,42,9,68,44,25,28,CH,2017,6
2017-07-01,31,18,18,40,61,9,59,43,27,26,CH,2017,7
2017-08-01,32,18,20,49,28,9,61,42,28,27,CH,2017,8
2017-09-01,35,19,20,45,32,10,68,41,28,34,CH,2017,9
2017-10-01,35,19,20,45,26,10,65,38,25,27,CH,2017,10
2017-11-01,36,18,22,61,25,10,62,40,33,32,CH,2017,11
2017-12-01,31,17,20,54,14,9,59,32,36,28,CH,2017,12
2018-01-01,35,19,21,53,54,11,64,39,30,28,CH,2018,1
2018-02-01,33,18,21,44,23,9,59,39,27,25,CH,2018,2
2018-03-01,35,19,22,48,31,10,71,43,29,28,CH,2018,3
2018-04-01,32,18,19,42,18,8,65,36,24,23,CH,2018,4
2018-05-01,33,18,19,45,25,9,74,38,27,26,CH,2018,5
2018-06-01,33,18,18,43,42,8,69,38,25,24,CH,2018,6
2018-07-01,28,16,17,40,48,8,60,38,23,24,CH,2018,7
2018-08-01,29,16,18,43,29,9,63,40,25,26,CH,2018,8
2018-09-01,34,17,19,45,33,10,69,41,26,27,CH,2018,9
2018-10-01,32,17,18,47,22,9,64,36,25,24,CH,2018,10
2018-11-01,36,20,20,61,32,10,76,39,34,30,CH,2018,11
2018-12-01,29,16,17,46,13,8,64,31,38,25,CH,2018,12
2019-01-01,38,18,22,51,43,10,71,37,29,29,CH,2019,1
2019-02-01,38,17,20,48,18,9,64,39,26,25,CH,2019,2
2019-03-01,38,17,21,48,41,10,70,38,27,27,CH,2019,3
2019-04-01,37,18,19,44,26,9,75,42,29,27,CH,2019,4
2019-05-01,37,18,18,46,50,9,73,39,26,25,CH,2019,5
2019-06-01,32,17,17,40,65,8,72,39,25,22,CH,2019,6
2019-07-01,29,15,17,37,76,8,61,40,23,23,CH,2019,7
2019-08-01,30,16,17,41,30,8,63,39,25,25,CH,2019,8
2019-09-01,34,17,19,46,37,9,70,37,24,31,CH,2019,9
2019-10-01,35,17,18,46,31,10,71,37,27,29,CH,2019,10
2019-11-01,33,18,20,57,36,9,66,35,31,30,CH,2019,11
2019-12-01,28,17,17,50,13,8,60,33,33,25,CH,2019,12
2020-01-01,34,18,20,48,52,9,70,36,28,27,CH,2020,1
2020-02-01,34,17,18,46,23,10,68,35,24,25,CH,2020,2
2020-03-01,35,17,19,53,12,11,73,29,25,25,CH,2020,3
2020-04-01,28,17,22,52,10,10,85,27,24,27,CH,2020,4
2020-05-01,30,16,20,54,13,9,87,33,29,28,CH,2020,5
2020-06-01,32,16,20,50,15,9,78,34,28,26,CH,2020,6
2020-07-01,30,16,17,49,14,10,76,37,25,25,CH,2020,7
2020-08-01,28,16,17,51,16,9,73,38,26,25,CH,2020,8
2020-09-01,33,16,18,51,31,9,70,32,24,26,CH,2020,9
2020-10-01,33,17,17,60,32,10,72,30,25,30,CH,2020,10
2020-11-01,32,17,19,66,21,9,78,29,35,29,CH,2020,11
2020-12-01,28,16,17,64,11,9,73,31,35,28,CH,2020,12
