date,Aerospace & Defense,Chemicals Industry,Pharmaceuticals & Biotech,Computers & Electronics,Automotive Industry,Fuel Economy,Biological Sciences,Country,year,month
2005-01-01,82,99,96,100,62,16,82,US,2005,1
2005-02-01,76,100,100,100,66,18,100,US,2005,2
2005-03-01,68,97,95,92,66,33,93,US,2005,3
2005-04-01,73,97,87,91,68,37,98,US,2005,4
2005-05-01,70,96,91,94,70,23,92,US,2005,5
2005-06-01,70,91,91,93,63,22,76,US,2005,6
2005-07-01,100,86,82,90,58,25,68,US,2005,7
2005-08-01,88,88,96,93,62,84,76,US,2005,8
2005-09-01,64,94,88,89,56,100,91,US,2005,9
2005-10-01,62,97,82,89,62,36,93,US,2005,10
2005-11-01,61,91,78,85,66,28,86,US,2005,11
2005-12-01,54,77,67,95,55,23,68,US,2005,12
2006-01-01,59,86,86,84,65,22,73,US,2006,1
2006-02-01,63,91,84,85,59,23,80,US,2006,2
2006-03-01,65,89,84,78,60,26,85,US,2006,3
2006-04-01,59,82,86,76,55,52,89,US,2006,4
2006-05-01,57,76,75,73,48,40,83,US,2006,5
2006-06-01,60,82,77,73,45,29,66,US,2006,6
2006-07-01,71,78,74,71,49,33,67,US,2006,7
2006-08-01,59,87,76,78,47,33,64,US,2006,8
2006-09-01,60,83,74,79,51,35,83,US,2006,9
2006-10-01,51,79,71,72,43,24,80,US,2006,10
2006-11-01,50,74,71,78,41,19,72,US,2006,11
2006-12-01,56,64,62,82,40,18,64,US,2006,12
2007-01-01,55,70,76,78,46,18,64,US,2007,1
2007-02-01,59,78,70,74,51,20,66,US,2007,2
2007-03-01,54,80,73,71,45,24,67,US,2007,3
2007-04-01,62,80,69,70,44,26,75,US,2007,4
2007-05-01,51,73,66,65,44,41,72,US,2007,5
2007-06-01,53,66,62,68,38,26,55,US,2007,6
2007-07-01,48,67,63,70,37,24,55,US,2007,7
2007-08-01,55,74,66,71,38,23,55,US,2007,8
2007-09-01,45,70,59,64,56,19,69,US,2007,9
2007-10-01,50,74,64,66,48,19,78,US,2007,10
2007-11-01,49,69,61,71,39,29,63,US,2007,11
2007-12-01,40,60,47,67,31,19,55,US,2007,12
2008-01-01,42,68,62,69,43,20,54,US,2008,1
2008-02-01,54,71,58,67,43,24,64,US,2008,2
2008-03-01,48,62,56,62,41,34,61,US,2008,3
2008-04-01,44,70,61,55,48,46,67,US,2008,4
2008-05-01,47,66,50,58,44,60,64,US,2008,5
2008-06-01,40,65,50,59,39,57,52,US,2008,6
2008-07-01,44,61,52,58,47,40,51,US,2008,7
2008-08-01,39,64,47,62,36,38,51,US,2008,8
2008-09-01,38,69,50,58,41,39,63,US,2008,9
2008-10-01,38,64,53,54,78,43,67,US,2008,10
2008-11-01,38,56,43,53,95,36,56,US,2008,11
2008-12-01,35,55,40,63,100,25,46,US,2008,12
2009-01-01,33,51,48,55,49,17,42,US,2009,1
2009-02-01,39,63,50,53,56,17,55,US,2009,2
2009-03-01,41,62,49,53,62,15,57,US,2009,3
2009-04-01,36,61,46,51,64,14,59,US,2009,4
2009-05-01,36,56,38,46,69,16,56,US,2009,5
2009-06-01,31,51,40,46,62,17,44,US,2009,6
2009-07-01,42,54,44,46,43,18,41,US,2009,7
2009-08-01,36,56,38,49,37,15,46,US,2009,8
2009-09-01,31,57,41,48,35,13,56,US,2009,9
2009-10-01,38,53,42,48,33,13,58,US,2009,10
2009-11-01,32,53,35,49,31,13,52,US,2009,11
2009-12-01,32,46,32,53,29,13,43,US,2009,12
2010-01-01,30,49,38,47,31,13,42,US,2010,1
2010-02-01,32,53,37,46,32,12,48,US,2010,2
2010-03-01,33,55,41,45,34,14,56,US,2010,3
2010-04-01,34,55,40,46,35,14,57,US,2010,4
2010-05-01,31,50,36,40,28,13,47,US,2010,5
2010-06-01,29,47,36,42,25,12,45,US,2010,6
2010-07-01,30,47,34,42,28,14,41,US,2010,7
2010-08-01,28,48,33,45,30,14,43,US,2010,8
2010-09-01,31,52,35,42,28,13,56,US,2010,9
2010-10-01,30,52,37,46,25,14,56,US,2010,10
2010-11-01,32,48,33,43,34,13,47,US,2010,11
2010-12-01,30,44,30,45,25,14,38,US,2010,12
2011-01-01,36,54,40,53,30,20,48,US,2011,1
2011-02-01,34,55,37,47,28,25,51,US,2011,2
2011-03-01,40,54,37,46,29,33,52,US,2011,3
2011-04-01,41,59,39,47,30,35,59,US,2011,4
2011-05-01,39,56,36,44,29,32,55,US,2011,5
2011-06-01,34,54,38,44,28,24,47,US,2011,6
2011-07-01,43,54,34,46,27,24,46,US,2011,7
2011-08-01,35,51,35,45,26,22,46,US,2011,8
2011-09-01,36,57,34,41,29,21,57,US,2011,9
2011-10-01,30,61,36,45,29,19,61,US,2011,10
2011-11-01,32,49,34,47,27,19,53,US,2011,11
2011-12-01,33,48,31,47,24,20,44,US,2011,12
2012-01-01,35,54,39,46,26,21,46,US,2012,1
2012-02-01,32,55,36,43,30,35,52,US,2012,2
2012-03-01,32,54,35,43,26,31,49,US,2012,3
2012-04-01,37,59,36,42,30,29,56,US,2012,4
2012-05-01,36,55,35,42,38,27,55,US,2012,5
2012-06-01,31,51,31,42,27,24,45,US,2012,6
2012-07-01,29,53,34,42,27,23,44,US,2012,7
2012-08-01,42,53,35,43,30,26,46,US,2012,8
2012-09-01,38,58,30,40,33,25,60,US,2012,9
2012-10-01,36,57,35,44,35,30,62,US,2012,10
2012-11-01,34,53,31,40,32,29,52,US,2012,11
2012-12-01,32,51,28,45,25,23,44,US,2012,12
2013-01-01,30,50,30,37,27,19,44,US,2013,1
2013-02-01,36,57,32,39,26,26,50,US,2013,2
2013-03-01,30,52,31,37,24,20,54,US,2013,3
2013-04-01,32,57,33,36,25,19,56,US,2013,4
2013-05-01,33,58,33,36,24,21,57,US,2013,5
2013-06-01,30,52,29,36,24,22,46,US,2013,6
2013-07-01,29,52,30,36,34,22,48,US,2013,7
2013-08-01,32,52,29,37,24,20,48,US,2013,8
2013-09-01,29,56,28,36,24,18,60,US,2013,9
2013-10-01,29,57,29,39,25,20,59,US,2013,10
2013-11-01,29,53,27,38,22,18,56,US,2013,11
2013-12-01,28,47,26,39,26,17,45,US,2013,12
2014-01-01,28,47,28,35,24,16,41,US,2014,1
2014-02-01,25,52,31,42,24,17,53,US,2014,2
2014-03-01,29,51,29,39,24,18,51,US,2014,3
2014-04-01,30,55,31,37,25,20,62,US,2014,4
2014-05-01,29,55,29,33,22,18,49,US,2014,5
2014-06-01,28,50,27,30,22,17,42,US,2014,6
2014-07-01,26,47,26,30,22,17,40,US,2014,7
2014-08-01,30,44,24,33,21,16,43,US,2014,8
2014-09-01,27,52,26,35,22,16,55,US,2014,9
2014-10-01,29,55,30,38,21,20,59,US,2014,10
2014-11-01,27,49,24,31,22,19,45,US,2014,11
2014-12-01,27,44,21,33,20,23,41,US,2014,12
2015-01-01,27,46,24,32,21,23,42,US,2015,1
2015-02-01,28,49,26,35,22,18,49,US,2015,2
2015-03-01,25,44,26,27,20,14,45,US,2015,3
2015-04-01,28,53,26,31,26,15,52,US,2015,4
2015-05-01,24,47,23,27,19,14,47,US,2015,5
2015-06-01,28,44,23,27,20,14,37,US,2015,6
2015-07-01,28,42,23,28,19,17,36,US,2015,7
2015-08-01,26,43,22,30,21,18,40,US,2015,8
2015-09-01,27,52,23,30,23,18,52,US,2015,9
2015-10-01,26,51,24,29,22,15,52,US,2015,10
2015-11-01,25,44,22,28,21,15,44,US,2015,11
2015-12-01,25,42,21,30,18,16,40,US,2015,12
2016-01-01,29,55,22,32,25,19,48,US,2016,1
2016-02-01,31,62,28,34,27,20,54,US,2016,2
2016-03-01,29,61,27,30,24,18,55,US,2016,3
2016-04-01,33,65,28,34,25,17,59,US,2016,4
2016-05-01,37,62,28,32,24,19,58,US,2016,5
2016-06-01,33,60,27,32,24,18,49,US,2016,6
2016-07-01,32,55,24,32,23,18,43,US,2016,7
2016-08-01,30,55,27,34,24,18,48,US,2016,8
2016-09-01,34,67,30,35,25,18,68,US,2016,9
2016-10-01,34,64,27,35,25,18,68,US,2016,10
2016-11-01,35,59,26,35,25,17,58,US,2016,11
2016-12-01,37,54,24,37,24,18,49,US,2016,12
2017-01-01,35,58,26,35,27,18,52,US,2017,1
2017-02-01,36,59,28,34,29,18,59,US,2017,2
2017-03-01,35,64,28,34,23,18,59,US,2017,3
2017-04-01,39,67,28,32,26,18,62,US,2017,4
2017-05-01,35,67,27,33,27,18,59,US,2017,5
2017-06-01,33,65,26,33,31,19,51,US,2017,6
2017-07-01,29,62,24,31,24,19,49,US,2017,7
2017-08-01,33,66,29,35,26,22,52,US,2017,8
2017-09-01,33,63,26,36,24,29,63,US,2017,9
2017-10-01,31,67,30,34,28,18,65,US,2017,10
2017-11-01,34,60,24,33,22,18,53,US,2017,11
2017-12-01,33,55,24,32,21,17,48,US,2017,12
2018-01-01,39,62,28,35,27,18,54,US,2018,1
2018-02-01,41,60,27,32,27,17,57,US,2018,2
2018-03-01,33,62,26,32,25,19,59,US,2018,3
2018-04-01,36,63,26,32,27,22,57,US,2018,4
2018-05-01,33,63,27,32,25,24,59,US,2018,5
2018-06-01,30,57,24,32,26,22,48,US,2018,6
2018-07-01,30,58,23,30,25,21,47,US,2018,7
2018-08-01,28,58,24,32,25,19,48,US,2018,8
2018-09-01,30,60,25,30,23,19,64,US,2018,9
2018-10-01,33,60,26,32,28,19,61,US,2018,10
2018-11-01,31,61,27,34,47,23,56,US,2018,11
2018-12-01,29,54,22,31,25,23,45,US,2018,12
2019-01-01,30,60,28,32,29,20,50,US,2019,1
2019-02-01,32,63,28,33,30,19,57,US,2019,2
2019-03-01,32,61,28,31,28,20,58,US,2019,3
2019-04-01,34,65,27,33,27,26,61,US,2019,4
2019-05-01,31,59,25,29,31,21,56,US,2019,5
2019-06-01,30,65,25,30,27,21,47,US,2019,6
2019-07-01,36,55,23,29,26,22,42,US,2019,7
2019-08-01,29,60,24,29,25,21,50,US,2019,8
2019-09-01,27,59,25,34,57,21,60,US,2019,9
2019-10-01,28,62,26,33,76,23,65,US,2019,10
2019-11-01,28,58,24,32,26,20,52,US,2019,11
2019-12-01,26,53,23,30,22,20,44,US,2019,12
2020-01-01,33,62,25,32,26,20,51,US,2020,1
2020-02-01,28,63,27,31,26,20,55,US,2020,2
2020-03-01,26,83,29,28,40,26,45,US,2020,3
2020-04-01,30,96,28,34,30,24,56,US,2020,4
2020-05-01,58,89,28,33,29,17,62,US,2020,5
2020-06-01,30,68,29,32,25,15,49,US,2020,6
2020-07-01,33,83,31,33,27,16,52,US,2020,7
2020-08-01,31,73,29,33,28,15,50,US,2020,8
2020-09-01,29,73,27,33,26,15,65,US,2020,9
2020-10-01,30,62,29,29,23,15,52,US,2020,10
2020-11-01,29,62,33,29,22,14,43,US,2020,11
2020-12-01,27,59,38,30,22,14,39,US,2020,12
2005-01-01,0,79,71,90,81,21,76,CN,2005,1
2005-02-01,0,57,51,77,70,18,58,CN,2005,2
2005-03-01,0,100,100,100,100,23,100,CN,2005,3
2005-04-01,0,95,97,97,93,22,94,CN,2005,4
2005-05-01,0,86,86,86,84,18,91,CN,2005,5
2005-06-01,0,99,90,86,82,20,79,CN,2005,6
2005-07-01,0,93,86,95,84,23,77,CN,2005,7
2005-08-01,0,95,88,85,81,28,73,CN,2005,8
2005-09-01,0,84,73,78,79,27,75,CN,2005,9
2005-10-01,0,76,64,71,68,21,75,CN,2005,10
2005-11-01,0,84,77,74,65,22,81,CN,2005,11
2005-12-01,0,84,72,71,69,21,75,CN,2005,12
2006-01-01,0,50,46,59,53,15,47,CN,2006,1
2006-02-01,0,70,58,63,63,17,61,CN,2006,2
2006-03-01,0,78,85,71,79,22,78,CN,2006,3
2006-04-01,0,82,76,69,70,19,76,CN,2006,4
2006-05-01,0,72,76,59,59,18,61,CN,2006,5
2006-06-01,0,78,67,60,59,20,71,CN,2006,6
2006-07-01,0,81,67,68,67,19,61,CN,2006,7
2006-08-01,0,83,69,74,72,27,62,CN,2006,8
2006-09-01,0,73,59,65,60,23,64,CN,2006,9
2006-10-01,0,55,50,57,57,18,64,CN,2006,10
2006-11-01,0,69,58,58,68,18,64,CN,2006,11
2006-12-01,0,73,63,60,66,20,67,CN,2006,12
2007-01-01,0,56,50,53,55,17,55,CN,2007,1
2007-02-01,0,36,32,42,44,12,31,CN,2007,2
2007-03-01,0,69,64,58,69,21,66,CN,2007,3
2007-04-01,0,75,68,61,71,21,68,CN,2007,4
2007-05-01,0,62,61,54,57,16,59,CN,2007,5
2007-06-01,0,65,62,56,61,24,58,CN,2007,6
2007-07-01,0,73,63,59,68,28,56,CN,2007,7
2007-08-01,0,66,66,53,64,22,53,CN,2007,8
2007-09-01,0,63,57,51,58,30,52,CN,2007,9
2007-10-01,0,48,50,47,53,25,54,CN,2007,10
2007-11-01,0,62,56,49,58,24,62,CN,2007,11
2007-12-01,0,54,56,53,55,24,61,CN,2007,12
2008-01-01,0,45,43,43,45,17,38,CN,2008,1
2008-02-01,0,41,36,40,44,17,35,CN,2008,2
2008-03-01,0,60,53,53,52,20,57,CN,2008,3
2008-04-01,0,62,47,48,50,18,54,CN,2008,4
2008-05-01,0,53,45,47,47,17,54,CN,2008,5
2008-06-01,0,57,47,49,49,22,54,CN,2008,6
2008-07-01,0,61,53,49,45,36,48,CN,2008,7
2008-08-01,0,57,50,48,44,20,48,CN,2008,8
2008-09-01,0,54,50,44,39,20,50,CN,2008,9
2008-10-01,0,57,52,45,45,23,51,CN,2008,10
2008-11-01,0,54,50,46,48,96,52,CN,2008,11
2008-12-01,0,58,52,47,47,100,56,CN,2008,12
2009-01-01,0,36,27,32,29,30,31,CN,2009,1
2009-02-01,0,51,46,40,42,23,45,CN,2009,2
2009-03-01,0,59,48,41,43,20,50,CN,2009,3
2009-04-01,0,56,41,41,40,17,51,CN,2009,4
2009-05-01,0,50,41,35,38,19,50,CN,2009,5
2009-06-01,0,49,47,37,38,18,45,CN,2009,6
2009-07-01,0,49,40,42,37,16,41,CN,2009,7
2009-08-01,0,46,40,40,37,17,39,CN,2009,8
2009-09-01,0,40,38,36,37,17,42,CN,2009,9
2009-10-01,0,38,32,35,33,14,41,CN,2009,10
2009-11-01,0,42,40,35,36,19,42,CN,2009,11
2009-12-01,0,45,40,38,37,19,50,CN,2009,12
2010-01-01,0,38,34,33,37,20,38,CN,2010,1
2010-02-01,0,28,22,26,26,12,25,CN,2010,2
2010-03-01,0,43,41,34,34,16,40,CN,2010,3
2010-04-01,0,38,33,29,31,13,41,CN,2010,4
2010-05-01,0,36,32,27,29,13,39,CN,2010,5
2010-06-01,0,34,28,25,26,13,37,CN,2010,6
2010-07-01,0,31,25,24,27,11,31,CN,2010,7
2010-08-01,0,28,24,21,24,11,29,CN,2010,8
2010-09-01,0,26,24,21,23,11,31,CN,2010,9
2010-10-01,0,24,24,18,22,10,30,CN,2010,10
2010-11-01,0,23,23,19,20,10,29,CN,2010,11
2010-12-01,0,21,20,16,19,9,29,CN,2010,12
2011-01-01,0,23,20,21,21,12,28,CN,2011,1
2011-02-01,0,21,19,17,20,9,24,CN,2011,2
2011-03-01,0,32,26,23,22,12,36,CN,2011,3
2011-04-01,0,33,24,22,24,13,38,CN,2011,4
2011-05-01,0,33,24,20,27,13,34,CN,2011,5
2011-06-01,0,28,21,19,25,12,33,CN,2011,6
2011-07-01,0,30,21,20,25,12,29,CN,2011,7
2011-08-01,0,30,21,21,21,12,29,CN,2011,8
2011-09-01,0,29,21,22,21,13,31,CN,2011,9
2011-10-01,0,25,19,21,20,12,30,CN,2011,10
2011-11-01,0,27,22,21,19,11,32,CN,2011,11
2011-12-01,0,25,19,19,19,14,30,CN,2011,12
2012-01-01,0,16,11,16,15,11,20,CN,2012,1
2012-02-01,0,25,20,18,20,14,28,CN,2012,2
2012-03-01,0,29,22,21,22,15,32,CN,2012,3
2012-04-01,0,28,26,20,22,14,34,CN,2012,4
2012-05-01,0,32,23,20,20,14,35,CN,2012,5
2012-06-01,0,28,20,20,19,14,33,CN,2012,6
2012-07-01,0,28,21,22,20,13,30,CN,2012,7
2012-08-01,0,24,18,20,18,11,26,CN,2012,8
2012-09-01,0,14,10,11,11,5,18,CN,2012,9
2012-10-01,0,12,7,8,9,3,17,CN,2012,10
2012-11-01,0,10,7,7,8,3,15,CN,2012,11
2012-12-01,0,9,6,7,7,3,14,CN,2012,12
2013-01-01,43,8,6,7,6,3,12,CN,2013,1
2013-02-01,41,7,4,6,6,3,10,CN,2013,2
2013-03-01,50,11,7,8,8,4,15,CN,2013,3
2013-04-01,48,11,6,7,7,4,14,CN,2013,4
2013-05-01,58,11,7,7,8,3,15,CN,2013,5
2013-06-01,100,10,6,7,6,3,14,CN,2013,6
2013-07-01,57,11,8,8,7,4,15,CN,2013,7
2013-08-01,52,10,7,8,6,3,13,CN,2013,8
2013-09-01,47,9,6,7,7,3,13,CN,2013,9
2013-10-01,50,8,6,7,8,3,13,CN,2013,10
2013-11-01,49,9,6,7,8,3,14,CN,2013,11
2013-12-01,80,9,6,7,9,3,13,CN,2013,12
2014-01-01,44,7,5,6,8,2,12,CN,2014,1
2014-02-01,38,8,5,6,12,2,11,CN,2014,2
2014-03-01,58,9,6,7,16,3,15,CN,2014,3
2014-04-01,51,9,6,7,7,3,14,CN,2014,4
2014-05-01,49,8,6,7,7,3,14,CN,2014,5
2014-06-01,8,1,1,1,1,0,2,CN,2014,6
2014-07-01,7,1,1,1,1,0,1,CN,2014,7
2014-08-01,6,1,0,1,1,0,1,CN,2014,8
2014-09-01,6,1,0,1,1,0,1,CN,2014,9
2014-10-01,7,1,0,1,0,0,1,CN,2014,10
2014-11-01,6,1,0,1,0,0,1,CN,2014,11
2014-12-01,5,1,0,1,0,0,1,CN,2014,12
2015-01-01,4,0,0,0,0,0,1,CN,2015,1
2015-02-01,3,0,0,0,0,0,0,CN,2015,2
2015-03-01,3,0,0,0,0,0,1,CN,2015,3
2015-04-01,3,0,0,0,0,0,1,CN,2015,4
2015-05-01,2,0,0,0,0,0,0,CN,2015,5
2015-06-01,2,0,0,0,0,0,0,CN,2015,6
2015-07-01,3,0,0,0,0,0,0,CN,2015,7
2015-08-01,2,0,0,0,0,0,0,CN,2015,8
2015-09-01,4,0,0,0,0,0,1,CN,2015,9
2015-10-01,2,0,0,0,0,0,1,CN,2015,10
2015-11-01,3,0,0,0,0,0,1,CN,2015,11
2015-12-01,3,0,0,0,0,0,1,CN,2015,12
2016-01-01,5,0,0,0,0,0,1,CN,2016,1
2016-02-01,3,0,0,0,0,0,1,CN,2016,2
2016-03-01,5,0,0,1,0,0,1,CN,2016,3
2016-04-01,5,0,0,1,0,0,1,CN,2016,4
2016-05-01,5,0,0,0,0,0,1,CN,2016,5
2016-06-01,5,0,0,1,0,0,1,CN,2016,6
2016-07-01,6,0,0,1,0,0,1,CN,2016,7
2016-08-01,5,1,0,1,0,0,1,CN,2016,8
2016-09-01,6,1,0,1,0,0,1,CN,2016,9
2016-10-01,6,1,0,1,0,0,1,CN,2016,10
2016-11-01,6,0,0,1,0,0,1,CN,2016,11
2016-12-01,7,1,0,1,0,0,1,CN,2016,12
2017-01-01,6,0,0,1,0,0,1,CN,2017,1
2017-02-01,6,0,0,1,0,0,1,CN,2017,2
2017-03-01,7,1,0,1,0,0,1,CN,2017,3
2017-04-01,7,1,0,1,0,0,1,CN,2017,4
2017-05-01,7,1,0,1,0,0,1,CN,2017,5
2017-06-01,7,1,0,1,0,0,1,CN,2017,6
2017-07-01,8,1,0,1,0,0,1,CN,2017,7
2017-08-01,8,1,0,1,0,0,1,CN,2017,8
2017-09-01,8,1,0,1,0,0,1,CN,2017,9
2017-10-01,6,1,0,1,0,0,1,CN,2017,10
2017-11-01,7,1,0,1,0,0,1,CN,2017,11
2017-12-01,7,1,0,1,0,0,1,CN,2017,12
2018-01-01,7,1,0,1,0,0,1,CN,2018,1
2018-02-01,8,0,0,0,0,0,1,CN,2018,2
2018-03-01,8,1,0,1,0,0,1,CN,2018,3
2018-04-01,9,1,1,1,0,0,2,CN,2018,4
2018-05-01,10,1,1,1,1,0,2,CN,2018,5
2018-06-01,8,1,0,1,0,0,2,CN,2018,6
2018-07-01,8,1,1,1,1,0,2,CN,2018,7
2018-08-01,10,1,1,1,1,0,2,CN,2018,8
2018-09-01,12,1,1,1,1,0,2,CN,2018,9
2018-10-01,11,1,1,1,1,1,2,CN,2018,10
2018-11-01,12,1,1,1,1,0,2,CN,2018,11
2018-12-01,12,1,1,1,0,0,2,CN,2018,12
2019-01-01,12,1,1,1,0,0,2,CN,2019,1
2019-02-01,8,1,0,1,0,0,1,CN,2019,2
2019-03-01,10,1,1,1,0,0,2,CN,2019,3
2019-04-01,10,1,1,1,1,0,2,CN,2019,4
2019-05-01,10,1,1,1,1,0,2,CN,2019,5
2019-06-01,9,1,1,1,0,0,2,CN,2019,6
2019-07-01,9,1,1,1,0,0,1,CN,2019,7
2019-08-01,9,1,1,1,0,0,1,CN,2019,8
2019-09-01,8,1,0,1,0,0,1,CN,2019,9
2019-10-01,7,1,0,1,0,0,1,CN,2019,10
2019-11-01,7,1,1,1,0,0,1,CN,2019,11
2019-12-01,8,1,0,1,0,0,1,CN,2019,12
2020-01-01,6,0,0,0,0,0,1,CN,2020,1
2020-02-01,4,0,0,0,0,0,1,CN,2020,2
2020-03-01,5,0,0,0,0,0,1,CN,2020,3
2020-04-01,5,0,0,0,0,0,1,CN,2020,4
2020-05-01,6,0,0,0,0,0,1,CN,2020,5
2020-06-01,7,0,0,1,0,0,1,CN,2020,6
2020-07-01,8,1,1,1,0,0,1,CN,2020,7
2020-08-01,6,0,0,1,0,0,1,CN,2020,8
2020-09-01,6,0,0,1,0,0,1,CN,2020,9
2020-10-01,6,0,0,1,0,0,1,CN,2020,10
2020-11-01,6,0,0,1,0,0,1,CN,2020,11
2020-12-01,8,0,1,1,0,0,1,CN,2020,12
2005-01-01,60,80,87,96,88,66,74,JP,2005,1
2005-02-01,67,79,100,93,88,72,75,JP,2005,2
2005-03-01,61,77,85,87,79,91,64,JP,2005,3
2005-04-01,55,80,87,87,87,58,78,JP,2005,4
2005-05-01,58,85,81,93,94,60,85,JP,2005,5
2005-06-01,63,100,98,100,100,61,100,JP,2005,6
2005-07-01,100,91,92,94,84,63,88,JP,2005,7
2005-08-01,90,77,81,84,81,63,81,JP,2005,8
2005-09-01,58,80,79,81,81,56,77,JP,2005,9
2005-10-01,59,79,78,81,82,56,78,JP,2005,10
2005-11-01,62,80,78,73,82,51,64,JP,2005,11
2005-12-01,51,67,71,75,69,47,60,JP,2005,12
2006-01-01,57,63,63,72,77,45,62,JP,2006,1
2006-02-01,63,76,73,83,74,59,60,JP,2006,2
2006-03-01,45,67,68,66,69,66,53,JP,2006,3
2006-04-01,46,69,72,67,68,50,66,JP,2006,4
2006-05-01,50,69,80,62,61,59,68,JP,2006,5
2006-06-01,50,78,80,71,73,61,77,JP,2006,6
2006-07-01,68,80,75,74,74,61,77,JP,2006,7
2006-08-01,53,71,70,64,76,69,67,JP,2006,8
2006-09-01,55,73,67,68,67,57,66,JP,2006,9
2006-10-01,46,66,65,63,62,53,65,JP,2006,10
2006-11-01,45,66,62,64,74,46,55,JP,2006,11
2006-12-01,55,69,64,68,62,42,51,JP,2006,12
2007-01-01,43,62,64,59,70,49,53,JP,2007,1
2007-02-01,53,66,68,66,68,54,48,JP,2007,2
2007-03-01,45,65,65,61,62,58,47,JP,2007,3
2007-04-01,55,63,63,59,61,51,53,JP,2007,4
2007-05-01,46,71,68,62,66,53,64,JP,2007,5
2007-06-01,49,72,80,61,70,53,64,JP,2007,6
2007-07-01,54,80,75,69,72,59,70,JP,2007,7
2007-08-01,46,65,67,56,61,47,57,JP,2007,8
2007-09-01,51,62,61,56,60,46,68,JP,2007,9
2007-10-01,50,65,71,58,60,53,60,JP,2007,10
2007-11-01,56,66,69,58,67,45,58,JP,2007,11
2007-12-01,44,55,53,55,53,40,48,JP,2007,12
2008-01-01,41,54,56,54,57,38,48,JP,2008,1
2008-02-01,46,65,66,58,58,47,48,JP,2008,2
2008-03-01,50,55,62,55,55,54,43,JP,2008,3
2008-04-01,39,54,65,50,52,41,50,JP,2008,4
2008-05-01,46,66,63,52,57,41,53,JP,2008,5
2008-06-01,45,63,64,54,63,46,58,JP,2008,6
2008-07-01,40,63,65,52,63,44,57,JP,2008,7
2008-08-01,40,57,58,51,52,39,51,JP,2008,8
2008-09-01,37,55,58,48,54,35,49,JP,2008,9
2008-10-01,38,61,63,47,56,36,51,JP,2008,10
2008-11-01,36,52,54,47,59,36,43,JP,2008,11
2008-12-01,36,46,50,46,71,33,43,JP,2008,12
2009-01-01,37,47,48,44,51,31,40,JP,2009,1
2009-02-01,37,53,52,51,60,35,43,JP,2009,2
2009-03-01,44,52,52,42,49,38,38,JP,2009,3
2009-04-01,40,48,55,41,52,29,44,JP,2009,4
2009-05-01,34,50,52,41,52,32,46,JP,2009,5
2009-06-01,39,55,56,42,57,33,49,JP,2009,6
2009-07-01,43,56,58,43,54,33,50,JP,2009,7
2009-08-01,36,46,47,39,44,30,42,JP,2009,8
2009-09-01,42,44,49,40,44,31,41,JP,2009,9
2009-10-01,33,45,49,39,42,30,43,JP,2009,10
2009-11-01,33,45,45,35,44,29,41,JP,2009,11
2009-12-01,31,44,42,37,42,28,35,JP,2009,12
2010-01-01,29,40,40,38,44,26,33,JP,2010,1
2010-02-01,29,44,43,37,44,29,35,JP,2010,2
2010-03-01,32,45,46,37,40,33,37,JP,2010,3
2010-04-01,37,44,47,38,41,28,41,JP,2010,4
2010-05-01,36,49,48,36,41,28,43,JP,2010,5
2010-06-01,59,51,53,37,47,28,44,JP,2010,6
2010-07-01,33,45,44,35,40,28,40,JP,2010,7
2010-08-01,25,41,42,33,36,26,36,JP,2010,8
2010-09-01,31,41,39,36,35,25,38,JP,2010,9
2010-10-01,28,42,40,33,34,26,40,JP,2010,10
2010-11-01,30,39,37,31,34,25,34,JP,2010,11
2010-12-01,33,34,33,30,34,24,31,JP,2010,12
2011-01-01,38,44,43,38,43,30,36,JP,2011,1
2011-02-01,32,43,44,37,40,29,36,JP,2011,2
2011-03-01,33,44,42,35,38,54,31,JP,2011,3
2011-04-01,33,44,42,36,40,35,40,JP,2011,4
2011-05-01,34,47,41,38,41,35,44,JP,2011,5
2011-06-01,38,51,44,39,44,35,45,JP,2011,6
2011-07-01,42,48,42,38,40,32,44,JP,2011,7
2011-08-01,39,48,41,35,37,30,46,JP,2011,8
2011-09-01,46,48,41,35,37,32,42,JP,2011,9
2011-10-01,37,46,39,36,41,34,40,JP,2011,10
2011-11-01,35,45,38,35,42,29,38,JP,2011,11
2011-12-01,36,42,38,32,41,30,34,JP,2011,12
2012-01-01,34,41,38,32,43,33,38,JP,2012,1
2012-02-01,34,42,42,33,46,47,37,JP,2012,2
2012-03-01,32,41,39,34,42,97,33,JP,2012,3
2012-04-01,42,48,43,36,42,55,44,JP,2012,4
2012-05-01,42,49,42,35,50,52,49,JP,2012,5
2012-06-01,35,50,42,34,53,44,48,JP,2012,6
2012-07-01,41,49,40,35,52,43,50,JP,2012,7
2012-08-01,38,48,39,36,48,42,47,JP,2012,8
2012-09-01,38,48,41,35,53,50,49,JP,2012,9
2012-10-01,40,49,41,37,50,37,49,JP,2012,10
2012-11-01,36,49,41,36,56,45,45,JP,2012,11
2012-12-01,39,47,40,37,50,42,44,JP,2012,12
2013-01-01,40,44,39,33,50,40,46,JP,2013,1
2013-02-01,39,47,41,38,53,52,47,JP,2013,2
2013-03-01,30,45,41,32,51,100,42,JP,2013,3
2013-04-01,38,48,42,33,47,47,47,JP,2013,4
2013-05-01,39,55,46,36,50,50,53,JP,2013,5
2013-06-01,38,54,44,34,50,50,59,JP,2013,6
2013-07-01,44,56,48,35,56,47,63,JP,2013,7
2013-08-01,52,50,41,34,45,45,54,JP,2013,8
2013-09-01,51,51,39,35,52,51,46,JP,2013,9
2013-10-01,57,51,42,32,50,41,52,JP,2013,10
2013-11-01,85,47,36,33,51,42,45,JP,2013,11
2013-12-01,73,45,37,33,46,40,41,JP,2013,12
2014-01-01,69,47,40,32,46,39,41,JP,2014,1
2014-02-01,64,42,42,33,48,48,43,JP,2014,2
2014-03-01,67,47,40,33,44,64,43,JP,2014,3
2014-04-01,44,51,44,33,50,47,48,JP,2014,4
2014-05-01,46,55,44,33,52,45,53,JP,2014,5
2014-06-01,40,54,43,33,48,49,54,JP,2014,6
2014-07-01,42,55,41,29,48,41,52,JP,2014,7
2014-08-01,42,46,36,30,45,38,46,JP,2014,8
2014-09-01,38,46,37,28,46,41,45,JP,2014,9
2014-10-01,40,48,40,31,50,43,45,JP,2014,10
2014-11-01,38,46,35,29,46,46,42,JP,2014,11
2014-12-01,39,43,34,29,39,41,39,JP,2014,12
2015-01-01,45,45,35,30,44,40,42,JP,2015,1
2015-02-01,45,51,39,31,52,51,40,JP,2015,2
2015-03-01,54,43,37,27,42,59,39,JP,2015,3
2015-04-01,49,52,42,33,52,51,47,JP,2015,4
2015-05-01,43,52,38,29,45,50,50,JP,2015,5
2015-06-01,45,56,44,30,54,49,50,JP,2015,6
2015-07-01,49,55,43,31,56,43,52,JP,2015,7
2015-08-01,49,53,41,30,56,42,48,JP,2015,8
2015-09-01,45,50,42,30,59,50,48,JP,2015,9
2015-10-01,56,51,42,30,60,43,47,JP,2015,10
2015-11-01,70,49,35,27,63,42,42,JP,2015,11
2015-12-01,61,48,35,31,59,45,40,JP,2015,12
2016-01-01,46,49,37,32,64,48,43,JP,2016,1
2016-02-01,57,52,41,34,72,53,50,JP,2016,2
2016-03-01,47,51,40,31,72,76,42,JP,2016,3
2016-04-01,47,51,44,30,73,56,49,JP,2016,4
2016-05-01,51,62,46,34,81,60,56,JP,2016,5
2016-06-01,57,63,49,36,83,59,61,JP,2016,6
2016-07-01,47,56,42,31,79,54,57,JP,2016,7
2016-08-01,41,50,36,29,76,50,49,JP,2016,8
2016-09-01,54,54,39,33,77,52,47,JP,2016,9
2016-10-01,57,55,49,33,84,53,51,JP,2016,10
2016-11-01,64,52,40,33,77,47,50,JP,2016,11
2016-12-01,68,51,39,33,75,51,47,JP,2016,12
2017-01-01,64,51,38,33,79,78,43,JP,2017,1
2017-02-01,50,53,42,32,79,65,44,JP,2017,2
2017-03-01,53,47,40,32,86,68,40,JP,2017,3
2017-04-01,50,57,43,32,86,60,47,JP,2017,4
2017-05-01,52,59,40,32,87,61,55,JP,2017,5
2017-06-01,56,64,46,34,97,59,59,JP,2017,6
2017-07-01,56,64,45,34,95,60,63,JP,2017,7
2017-08-01,55,70,42,33,96,58,57,JP,2017,8
2017-09-01,52,60,39,31,96,58,54,JP,2017,9
2017-10-01,55,53,41,32,87,54,50,JP,2017,10
2017-11-01,48,49,37,29,72,45,39,JP,2017,11
2017-12-01,47,47,41,31,76,47,40,JP,2017,12
2018-01-01,48,49,38,32,73,51,41,JP,2018,1
2018-02-01,43,47,40,29,66,44,37,JP,2018,2
2018-03-01,37,49,46,32,69,49,42,JP,2018,3
2018-04-01,39,49,42,29,67,49,42,JP,2018,4
2018-05-01,41,56,43,30,75,51,50,JP,2018,5
2018-06-01,43,58,42,29,72,49,52,JP,2018,6
2018-07-01,43,54,43,29,69,49,59,JP,2018,7
2018-08-01,39,53,37,27,61,48,63,JP,2018,8
2018-09-01,41,52,33,28,57,49,51,JP,2018,9
2018-10-01,53,51,39,29,58,45,49,JP,2018,10
2018-11-01,49,57,38,30,67,49,46,JP,2018,11
2018-12-01,42,50,37,30,55,49,39,JP,2018,12
2019-01-01,45,50,38,26,57,49,41,JP,2019,1
2019-02-01,37,50,40,30,56,51,40,JP,2019,2
2019-03-01,43,51,42,28,55,51,41,JP,2019,3
2019-04-01,40,54,43,29,56,57,48,JP,2019,4
2019-05-01,37,56,43,29,55,56,52,JP,2019,5
2019-06-01,41,65,44,32,56,58,52,JP,2019,6
2019-07-01,39,57,41,29,50,48,50,JP,2019,7
2019-08-01,40,53,37,32,55,52,48,JP,2019,8
2019-09-01,38,51,37,29,49,50,45,JP,2019,9
2019-10-01,39,52,38,29,49,51,46,JP,2019,10
2019-11-01,37,51,37,30,52,48,46,JP,2019,11
2019-12-01,35,54,37,30,47,49,43,JP,2019,12
2020-01-01,34,56,41,30,52,50,45,JP,2020,1
2020-02-01,38,53,39,28,47,49,41,JP,2020,2
2020-03-01,33,50,40,26,44,50,42,JP,2020,3
2020-04-01,36,59,43,32,46,62,52,JP,2020,4
2020-05-01,40,66,43,33,52,71,63,JP,2020,5
2020-06-01,37,63,53,31,47,55,57,JP,2020,6
2020-07-01,38,58,51,33,51,54,61,JP,2020,7
2020-08-01,41,59,44,29,46,55,57,JP,2020,8
2020-09-01,33,56,37,28,46,46,50,JP,2020,9
2020-10-01,35,52,39,28,46,40,47,JP,2020,10
2020-11-01,42,52,40,26,46,43,44,JP,2020,11
2020-12-01,37,50,42,29,47,49,38,JP,2020,12
2005-01-01,79,95,96,100,100,37,94,DE,2005,1
2005-02-01,71,93,100,91,90,33,84,DE,2005,2
2005-03-01,55,91,88,85,85,36,86,DE,2005,3
2005-04-01,58,100,93,78,94,43,100,DE,2005,4
2005-05-01,56,89,80,77,87,36,89,DE,2005,5
2005-06-01,64,95,87,83,92,45,100,DE,2005,6
2005-07-01,100,93,90,85,92,62,76,DE,2005,7
2005-08-01,96,89,86,88,79,53,77,DE,2005,8
2005-09-01,60,86,83,77,82,82,86,DE,2005,9
2005-10-01,63,77,79,78,79,40,80,DE,2005,10
2005-11-01,65,83,81,86,82,35,84,DE,2005,11
2005-12-01,52,65,67,84,69,30,70,DE,2005,12
2006-01-01,62,83,83,83,89,35,83,DE,2006,1
2006-02-01,68,79,86,88,87,34,91,DE,2006,2
2006-03-01,67,87,94,76,81,35,92,DE,2006,3
2006-04-01,54,78,71,72,80,44,75,DE,2006,4
2006-05-01,55,84,76,68,77,37,94,DE,2006,5
2006-06-01,54,80,72,65,66,36,79,DE,2006,6
2006-07-01,71,91,79,71,79,48,77,DE,2006,7
2006-08-01,60,89,83,77,82,44,77,DE,2006,8
2006-09-01,60,81,76,74,77,37,83,DE,2006,9
2006-10-01,55,74,69,71,70,30,80,DE,2006,10
2006-11-01,54,84,81,80,78,29,86,DE,2006,11
2006-12-01,59,67,63,78,64,31,71,DE,2006,12
2007-01-01,60,81,99,80,78,37,86,DE,2007,1
2007-02-01,63,90,84,77,74,32,84,DE,2007,2
2007-03-01,60,83,81,78,75,37,88,DE,2007,3
2007-04-01,72,79,76,63,67,36,83,DE,2007,4
2007-05-01,49,81,73,66,68,46,88,DE,2007,5
2007-06-01,55,79,75,66,70,43,85,DE,2007,6
2007-07-01,56,84,77,69,77,47,69,DE,2007,7
2007-08-01,53,75,70,68,65,39,69,DE,2007,8
2007-09-01,50,72,69,63,66,35,78,DE,2007,9
2007-10-01,53,69,72,71,62,35,79,DE,2007,10
2007-11-01,55,80,80,76,66,58,86,DE,2007,11
2007-12-01,45,56,54,67,53,43,64,DE,2007,12
2008-01-01,50,65,65,66,61,36,68,DE,2008,1
2008-02-01,52,66,72,64,59,40,75,DE,2008,2
2008-03-01,47,66,59,59,55,41,65,DE,2008,3
2008-04-01,54,74,63,57,57,45,78,DE,2008,4
2008-05-01,45,69,57,51,52,71,76,DE,2008,5
2008-06-01,64,71,61,55,60,65,76,DE,2008,6
2008-07-01,37,67,66,53,59,61,65,DE,2008,7
2008-08-01,42,66,56,53,56,49,68,DE,2008,8
2008-09-01,44,59,57,54,54,41,73,DE,2008,9
2008-10-01,41,62,57,54,55,42,71,DE,2008,10
2008-11-01,44,67,52,56,57,38,69,DE,2008,11
2008-12-01,42,51,46,56,50,43,55,DE,2008,12
2009-01-01,40,58,56,53,52,31,58,DE,2009,1
2009-02-01,42,63,56,52,54,31,68,DE,2009,2
2009-03-01,43,61,56,48,53,29,74,DE,2009,3
2009-04-01,36,60,47,40,45,26,65,DE,2009,4
2009-05-01,38,59,50,43,45,31,67,DE,2009,5
2009-06-01,37,61,56,43,47,34,65,DE,2009,6
2009-07-01,49,62,57,44,49,33,60,DE,2009,7
2009-08-01,37,57,48,41,44,33,58,DE,2009,8
2009-09-01,38,54,54,41,43,27,63,DE,2009,9
2009-10-01,38,56,54,44,43,26,61,DE,2009,10
2009-11-01,38,58,58,48,44,26,65,DE,2009,11
2009-12-01,35,44,42,44,37,23,49,DE,2009,12
2010-01-01,38,50,46,43,39,26,53,DE,2010,1
2010-02-01,38,52,49,43,40,25,60,DE,2010,2
2010-03-01,37,56,51,40,41,42,65,DE,2010,3
2010-04-01,37,54,45,37,40,35,68,DE,2010,4
2010-05-01,36,55,45,39,39,34,59,DE,2010,5
2010-06-01,33,53,46,36,39,33,59,DE,2010,6
2010-07-01,33,50,43,32,36,31,47,DE,2010,7
2010-08-01,31,50,40,34,34,25,49,DE,2010,8
2010-09-01,33,52,43,35,35,25,51,DE,2010,9
2010-10-01,32,45,45,35,36,28,50,DE,2010,10
2010-11-01,34,48,38,34,37,26,53,DE,2010,11
2010-12-01,32,38,37,35,29,29,41,DE,2010,12
2011-01-01,39,59,47,44,53,47,58,DE,2011,1
2011-02-01,36,58,40,38,43,53,65,DE,2011,2
2011-03-01,36,57,39,37,43,49,57,DE,2011,3
2011-04-01,32,58,40,38,39,56,56,DE,2011,4
2011-05-01,37,62,45,37,37,46,67,DE,2011,5
2011-06-01,30,54,38,35,36,43,57,DE,2011,6
2011-07-01,36,55,43,36,42,50,54,DE,2011,7
2011-08-01,33,54,37,35,38,44,50,DE,2011,8
2011-09-01,35,50,38,34,41,40,54,DE,2011,9
2011-10-01,34,51,37,35,45,39,50,DE,2011,10
2011-11-01,35,50,40,37,42,40,54,DE,2011,11
2011-12-01,32,43,35,39,33,39,45,DE,2011,12
2012-01-01,38,49,40,40,46,47,54,DE,2012,1
2012-02-01,32,49,38,35,42,64,53,DE,2012,2
2012-03-01,29,49,36,33,65,66,53,DE,2012,3
2012-04-01,30,53,34,33,38,66,55,DE,2012,4
2012-05-01,32,54,35,27,40,48,57,DE,2012,5
2012-06-01,30,52,36,31,44,40,51,DE,2012,6
2012-07-01,29,51,37,35,42,51,48,DE,2012,7
2012-08-01,36,49,37,29,39,66,47,DE,2012,8
2012-09-01,31,51,36,35,40,54,48,DE,2012,9
2012-10-01,34,47,43,33,43,44,46,DE,2012,10
2012-11-01,33,47,37,35,43,44,53,DE,2012,11
2012-12-01,36,39,30,35,35,38,41,DE,2012,12
2013-01-01,32,44,34,31,39,40,47,DE,2013,1
2013-02-01,35,47,36,31,41,46,50,DE,2013,2
2013-03-01,30,50,33,30,41,42,47,DE,2013,3
2013-04-01,27,48,35,27,41,43,52,DE,2013,4
2013-05-01,28,56,33,27,41,41,53,DE,2013,5
2013-06-01,30,52,35,27,39,38,54,DE,2013,6
2013-07-01,30,52,34,29,39,48,53,DE,2013,7
2013-08-01,28,46,31,27,37,45,48,DE,2013,8
2013-09-01,29,47,31,27,37,65,47,DE,2013,9
2013-10-01,28,47,34,28,40,44,44,DE,2013,10
2013-11-01,29,46,34,30,42,38,44,DE,2013,11
2013-12-01,27,40,27,30,32,44,37,DE,2013,12
2014-01-01,30,44,32,29,38,36,45,DE,2014,1
2014-02-01,28,44,35,28,35,37,48,DE,2014,2
2014-03-01,31,47,32,25,37,35,54,DE,2014,3
2014-04-01,28,48,30,26,37,42,45,DE,2014,4
2014-05-01,30,53,33,25,39,47,54,DE,2014,5
2014-06-01,26,49,30,24,38,44,50,DE,2014,6
2014-07-01,29,51,34,24,40,40,48,DE,2014,7
2014-08-01,27,44,30,24,35,41,40,DE,2014,8
2014-09-01,28,45,32,25,37,37,46,DE,2014,9
2014-10-01,30,48,34,27,39,41,49,DE,2014,10
2014-11-01,34,45,34,26,43,41,45,DE,2014,11
2014-12-01,28,37,26,23,34,49,34,DE,2014,12
2015-01-01,30,47,34,27,41,49,45,DE,2015,1
2015-02-01,30,48,36,26,39,50,47,DE,2015,2
2015-03-01,27,47,34,23,40,41,47,DE,2015,3
2015-04-01,27,53,34,23,43,46,55,DE,2015,4
2015-05-01,28,50,30,21,41,46,50,DE,2015,5
2015-06-01,28,51,33,22,38,43,55,DE,2015,6
2015-07-01,29,49,35,22,39,45,47,DE,2015,7
2015-08-01,27,45,28,23,34,50,43,DE,2015,8
2015-09-01,31,48,31,23,44,43,46,DE,2015,9
2015-10-01,32,44,32,22,37,38,44,DE,2015,10
2015-11-01,30,45,30,24,35,37,44,DE,2015,11
2015-12-01,29,37,26,22,30,45,34,DE,2015,12
2016-01-01,29,43,30,25,35,48,46,DE,2016,1
2016-02-01,34,48,33,24,39,46,48,DE,2016,2
2016-03-01,28,47,28,23,33,47,45,DE,2016,3
2016-04-01,28,50,33,22,40,48,50,DE,2016,4
2016-05-01,38,52,31,22,35,49,51,DE,2016,5
2016-06-01,38,57,33,23,38,46,56,DE,2016,6
2016-07-01,33,47,29,22,36,46,50,DE,2016,7
2016-08-01,27,47,28,20,39,49,44,DE,2016,8
2016-09-01,29,48,32,21,33,44,45,DE,2016,9
2016-10-01,35,51,31,22,36,50,48,DE,2016,10
2016-11-01,34,45,31,24,38,41,46,DE,2016,11
2016-12-01,29,40,25,23,33,53,36,DE,2016,12
2017-01-01,30,44,32,23,39,45,46,DE,2017,1
2017-02-01,33,46,31,21,38,44,49,DE,2017,2
2017-03-01,30,49,33,21,36,41,50,DE,2017,3
2017-04-01,29,48,27,20,36,53,50,DE,2017,4
2017-05-01,31,56,31,18,38,49,55,DE,2017,5
2017-06-01,33,53,28,19,35,53,54,DE,2017,6
2017-07-01,33,51,31,20,40,55,51,DE,2017,7
2017-08-01,31,52,30,20,38,59,48,DE,2017,8
2017-09-01,30,47,32,20,42,58,46,DE,2017,9
2017-10-01,31,47,32,23,40,54,48,DE,2017,10
2017-11-01,30,45,32,23,37,53,45,DE,2017,11
2017-12-01,31,42,27,21,31,54,37,DE,2017,12
2018-01-01,34,47,31,23,40,57,47,DE,2018,1
2018-02-01,39,44,30,21,37,51,46,DE,2018,2
2018-03-01,31,48,31,21,40,58,50,DE,2018,3
2018-04-01,30,52,28,17,38,74,62,DE,2018,4
2018-05-01,31,55,30,19,37,91,60,DE,2018,5
2018-06-01,31,56,29,19,35,73,57,DE,2018,6
2018-07-01,32,53,29,18,37,65,54,DE,2018,7
2018-08-01,30,49,26,19,33,81,50,DE,2018,8
2018-09-01,29,49,30,20,37,77,44,DE,2018,9
2018-10-01,34,51,37,21,38,82,49,DE,2018,10
2018-11-01,35,50,38,23,37,100,51,DE,2018,11
2018-12-01,32,41,30,20,32,72,37,DE,2018,12
2019-01-01,36,47,32,21,36,64,47,DE,2019,1
2019-02-01,30,55,30,22,39,63,52,DE,2019,2
2019-03-01,32,51,31,21,40,69,55,DE,2019,3
2019-04-01,29,53,31,19,40,95,59,DE,2019,4
2019-05-01,27,58,29,21,35,94,61,DE,2019,5
2019-06-01,33,60,31,19,34,86,65,DE,2019,6
2019-07-01,39,51,30,18,33,80,55,DE,2019,7
2019-08-01,30,52,28,19,33,73,53,DE,2019,8
2019-09-01,28,46,31,18,35,71,50,DE,2019,9
2019-10-01,31,49,31,19,36,70,50,DE,2019,10
2019-11-01,30,53,33,22,36,69,44,DE,2019,11
2019-12-01,29,44,26,20,28,77,39,DE,2019,12
2020-01-01,31,48,30,21,36,83,46,DE,2020,1
2020-02-01,31,51,34,19,40,75,48,DE,2020,2
2020-03-01,29,65,41,19,71,96,53,DE,2020,3
2020-04-01,30,65,32,19,32,86,67,DE,2020,4
2020-05-01,50,67,32,20,35,74,81,DE,2020,5
2020-06-01,34,57,35,18,53,76,69,DE,2020,6
2020-07-01,32,64,37,20,40,73,66,DE,2020,7
2020-08-01,29,56,36,17,33,62,62,DE,2020,8
2020-09-01,29,54,39,18,37,63,58,DE,2020,9
2020-10-01,31,49,41,19,38,64,51,DE,2020,10
2020-11-01,30,54,54,22,42,65,51,DE,2020,11
2020-12-01,32,50,57,21,39,83,44,DE,2020,12
2005-01-01,54,47,43,51,17,12,57,KR,2005,1
2005-02-01,45,37,31,47,19,6,52,KR,2005,2
2005-03-01,56,53,47,58,26,12,83,KR,2005,3
2005-04-01,62,54,43,55,14,19,86,KR,2005,4
2005-05-01,56,53,49,55,28,12,80,KR,2005,5
2005-06-01,55,50,51,50,23,11,78,KR,2005,6
2005-07-01,61,43,38,47,15,7,65,KR,2005,7
2005-08-01,55,46,32,47,42,10,55,KR,2005,8
2005-09-01,53,44,41,46,17,21,70,KR,2005,9
2005-10-01,58,46,40,44,20,15,66,KR,2005,10
2005-11-01,50,51,41,50,22,11,75,KR,2005,11
2005-12-01,49,46,38,47,18,16,60,KR,2005,12
2006-01-01,45,37,42,41,24,11,45,KR,2006,1
2006-02-01,45,40,43,41,19,8,49,KR,2006,2
2006-03-01,52,48,36,41,16,8,64,KR,2006,3
2006-04-01,51,49,39,40,16,10,74,KR,2006,4
2006-05-01,49,45,43,39,21,12,65,KR,2006,5
2006-06-01,49,47,37,41,4,13,63,KR,2006,6
2006-07-01,59,46,37,42,19,14,56,KR,2006,7
2006-08-01,54,41,32,41,10,8,55,KR,2006,8
2006-09-01,52,44,39,42,29,9,63,KR,2006,9
2006-10-01,47,39,33,36,14,10,54,KR,2006,10
2006-11-01,48,46,38,38,19,6,65,KR,2006,11
2006-12-01,43,41,31,40,21,4,54,KR,2006,12
2007-01-01,41,37,32,40,18,8,50,KR,2007,1
2007-02-01,37,36,33,35,20,8,40,KR,2007,2
2007-03-01,49,44,36,38,12,14,60,KR,2007,3
2007-04-01,51,47,38,41,21,10,62,KR,2007,4
2007-05-01,43,42,38,38,16,10,57,KR,2007,5
2007-06-01,44,41,38,40,16,9,54,KR,2007,6
2007-07-01,42,37,37,36,16,9,51,KR,2007,7
2007-08-01,41,33,30,38,14,9,42,KR,2007,8
2007-09-01,35,35,30,35,15,9,47,KR,2007,9
2007-10-01,41,39,33,36,15,11,53,KR,2007,10
2007-11-01,42,41,36,38,21,10,53,KR,2007,11
2007-12-01,34,32,27,32,14,8,43,KR,2007,12
2008-01-01,33,31,27,32,15,9,40,KR,2008,1
2008-02-01,32,28,26,28,16,14,38,KR,2008,2
2008-03-01,37,37,33,33,17,10,50,KR,2008,3
2008-04-01,39,38,31,32,11,10,51,KR,2008,4
2008-05-01,38,36,31,31,15,10,48,KR,2008,5
2008-06-01,35,35,28,33,17,6,47,KR,2008,6
2008-07-01,38,34,28,35,17,13,42,KR,2008,7
2008-08-01,33,31,27,30,14,10,37,KR,2008,8
2008-09-01,34,32,26,31,11,12,44,KR,2008,9
2008-10-01,32,33,29,31,13,15,44,KR,2008,10
2008-11-01,32,33,30,29,13,14,43,KR,2008,11
2008-12-01,30,31,26,31,14,11,40,KR,2008,12
2009-01-01,26,24,21,26,8,9,30,KR,2009,1
2009-02-01,31,29,28,30,14,9,34,KR,2009,2
2009-03-01,33,31,26,32,10,9,42,KR,2009,3
2009-04-01,36,33,29,32,12,8,46,KR,2009,4
2009-05-01,27,31,27,33,13,8,42,KR,2009,5
2009-06-01,28,29,26,29,15,8,40,KR,2009,6
2009-07-01,33,27,26,33,15,7,37,KR,2009,7
2009-08-01,32,24,22,27,12,9,31,KR,2009,8
2009-09-01,28,27,25,29,14,5,39,KR,2009,9
2009-10-01,25,26,23,26,12,9,36,KR,2009,10
2009-11-01,29,30,25,28,8,8,41,KR,2009,11
2009-12-01,26,25,21,31,6,7,37,KR,2009,12
2010-01-01,23,21,21,25,13,7,29,KR,2010,1
2010-02-01,23,21,19,23,10,7,27,KR,2010,2
2010-03-01,30,28,24,27,11,8,45,KR,2010,3
2010-04-01,37,30,23,26,11,7,46,KR,2010,4
2010-05-01,36,27,22,27,10,8,41,KR,2010,5
2010-06-01,33,26,23,27,14,9,37,KR,2010,6
2010-07-01,27,23,22,26,9,7,30,KR,2010,7
2010-08-01,26,22,18,26,11,9,28,KR,2010,8
2010-09-01,31,34,25,33,13,19,43,KR,2010,9
2010-10-01,34,42,31,38,11,23,47,KR,2010,10
2010-11-01,51,42,28,37,14,26,48,KR,2010,11
2010-12-01,43,40,28,39,11,26,43,KR,2010,12
2011-01-01,45,51,35,50,74,30,47,KR,2011,1
2011-02-01,33,32,26,38,9,24,33,KR,2011,2
2011-03-01,34,37,31,41,13,26,47,KR,2011,3
2011-04-01,37,46,33,39,9,27,52,KR,2011,4
2011-05-01,35,45,31,41,15,27,53,KR,2011,5
2011-06-01,36,47,32,42,29,26,49,KR,2011,6
2011-07-01,37,45,33,43,29,30,45,KR,2011,7
2011-08-01,39,44,32,41,10,44,46,KR,2011,8
2011-09-01,38,49,32,41,13,40,54,KR,2011,9
2011-10-01,40,47,34,45,16,40,53,KR,2011,10
2011-11-01,45,55,37,48,17,39,56,KR,2011,11
2011-12-01,43,48,32,44,15,35,52,KR,2011,12
2012-01-01,54,52,37,59,12,42,52,KR,2012,1
2012-02-01,61,60,42,60,14,49,57,KR,2012,2
2012-03-01,62,74,37,55,17,47,64,KR,2012,3
2012-04-01,56,59,34,44,15,32,61,KR,2012,4
2012-05-01,45,55,31,45,15,33,57,KR,2012,5
2012-06-01,43,56,31,42,13,42,54,KR,2012,6
2012-07-01,44,55,30,41,16,46,51,KR,2012,7
2012-08-01,48,50,29,41,14,44,52,KR,2012,8
2012-09-01,47,53,31,44,16,48,51,KR,2012,9
2012-10-01,52,58,31,44,15,47,55,KR,2012,10
2012-11-01,45,57,34,43,15,48,58,KR,2012,11
2012-12-01,54,60,29,44,14,44,49,KR,2012,12
2013-01-01,44,52,30,42,14,42,44,KR,2013,1
2013-02-01,46,52,29,43,14,44,44,KR,2013,2
2013-03-01,49,62,30,44,15,45,54,KR,2013,3
2013-04-01,62,61,32,40,16,64,56,KR,2013,4
2013-05-01,53,62,32,41,16,53,57,KR,2013,5
2013-06-01,49,58,29,39,16,46,54,KR,2013,6
2013-07-01,54,75,30,46,15,44,54,KR,2013,7
2013-08-01,60,56,30,43,14,42,49,KR,2013,8
2013-09-01,53,55,29,41,13,35,49,KR,2013,9
2013-10-01,58,60,30,46,16,38,56,KR,2013,10
2013-11-01,58,69,28,48,14,31,60,KR,2013,11
2013-12-01,52,68,28,49,14,37,47,KR,2013,12
2014-01-01,41,60,25,46,14,31,46,KR,2014,1
2014-02-01,48,63,28,47,14,30,46,KR,2014,2
2014-03-01,49,64,30,49,16,30,59,KR,2014,3
2014-04-01,60,69,32,49,15,29,64,KR,2014,4
2014-05-01,56,70,32,47,18,28,59,KR,2014,5
2014-06-01,49,76,31,47,17,29,59,KR,2014,6
2014-07-01,52,67,31,49,16,29,54,KR,2014,7
2014-08-01,56,62,28,46,16,27,48,KR,2014,8
2014-09-01,49,64,30,48,15,24,52,KR,2014,9
2014-10-01,60,73,32,53,17,30,60,KR,2014,10
2014-11-01,57,72,30,52,17,31,57,KR,2014,11
2014-12-01,51,71,28,50,18,32,54,KR,2014,12
2015-01-01,57,72,30,51,17,36,50,KR,2015,1
2015-02-01,57,63,28,48,13,31,43,KR,2015,2
2015-03-01,54,66,31,50,18,29,57,KR,2015,3
2015-04-01,60,74,37,53,17,29,67,KR,2015,4
2015-05-01,55,69,34,50,14,31,61,KR,2015,5
2015-06-01,58,70,35,52,17,29,100,KR,2015,6
2015-07-01,59,71,37,54,16,33,57,KR,2015,7
2015-08-01,63,68,30,52,15,29,47,KR,2015,8
2015-09-01,55,71,32,51,13,31,57,KR,2015,9
2015-10-01,57,62,32,50,13,27,58,KR,2015,10
2015-11-01,53,60,33,54,18,30,59,KR,2015,11
2015-12-01,52,63,32,52,15,32,54,KR,2015,12
2016-01-01,57,66,31,57,16,46,58,KR,2016,1
2016-02-01,67,65,36,60,17,48,56,KR,2016,2
2016-03-01,62,71,43,58,19,45,72,KR,2016,3
2016-04-01,64,70,45,62,18,42,73,KR,2016,4
2016-05-01,69,73,47,64,22,46,79,KR,2016,5
2016-06-01,74,74,51,65,19,59,77,KR,2016,6
2016-07-01,80,78,44,65,17,53,67,KR,2016,7
2016-08-01,76,71,40,64,16,45,67,KR,2016,8
2016-09-01,74,70,39,63,17,38,72,KR,2016,9
2016-10-01,75,82,47,71,16,40,85,KR,2016,10
2016-11-01,65,80,40,70,18,45,82,KR,2016,11
2016-12-01,67,73,39,70,18,45,78,KR,2016,12
2017-01-01,63,71,38,63,15,42,68,KR,2017,1
2017-02-01,74,70,38,71,20,52,71,KR,2017,2
2017-03-01,83,70,45,70,20,46,82,KR,2017,3
2017-04-01,82,80,44,75,18,55,86,KR,2017,4
2017-05-01,70,76,45,63,19,51,79,KR,2017,5
2017-06-01,71,70,40,65,41,46,80,KR,2017,6
2017-07-01,83,71,40,72,29,45,70,KR,2017,7
2017-08-01,80,72,42,67,58,50,67,KR,2017,8
2017-09-01,80,69,45,66,100,46,71,KR,2017,9
2017-10-01,68,65,43,65,71,47,69,KR,2017,10
2017-11-01,67,71,49,69,82,51,71,KR,2017,11
2017-12-01,65,76,42,65,89,65,73,KR,2017,12
2018-01-01,66,72,51,80,78,71,77,KR,2018,1
2018-02-01,59,63,43,69,70,49,63,KR,2018,2
2018-03-01,66,76,47,74,42,48,75,KR,2018,3
2018-04-01,74,73,52,71,24,42,83,KR,2018,4
2018-05-01,71,81,51,74,49,44,80,KR,2018,5
2018-06-01,65,76,45,68,41,43,80,KR,2018,6
2018-07-01,67,72,47,68,41,41,72,KR,2018,7
2018-08-01,70,74,45,68,37,45,68,KR,2018,8
2018-09-01,73,70,46,68,34,42,74,KR,2018,9
2018-10-01,69,71,52,65,33,42,78,KR,2018,10
2018-11-01,73,74,51,78,42,50,79,KR,2018,11
2018-12-01,62,64,44,62,30,47,68,KR,2018,12
2019-01-01,67,59,47,69,34,50,60,KR,2019,1
2019-02-01,63,61,42,62,26,45,55,KR,2019,2
2019-03-01,75,75,50,71,27,46,73,KR,2019,3
2019-04-01,70,80,54,72,29,48,85,KR,2019,4
2019-05-01,71,77,50,71,26,52,76,KR,2019,5
2019-06-01,70,76,49,72,26,59,73,KR,2019,6
2019-07-01,69,68,46,67,26,52,66,KR,2019,7
2019-08-01,73,64,43,69,26,63,64,KR,2019,8
2019-09-01,64,75,51,63,29,52,72,KR,2019,9
2019-10-01,73,72,58,72,29,50,77,KR,2019,10
2019-11-01,70,71,78,73,28,49,74,KR,2019,11
2019-12-01,67,73,50,71,29,52,76,KR,2019,12
2020-01-01,68,71,53,73,25,60,71,KR,2020,1
2020-02-01,73,78,55,79,27,63,72,KR,2020,2
2020-03-01,71,85,65,86,25,67,81,KR,2020,3
2020-04-01,76,86,67,89,26,70,89,KR,2020,4
2020-05-01,82,85,67,91,23,66,94,KR,2020,5
2020-06-01,83,91,74,86,23,63,95,KR,2020,6
2020-07-01,91,93,100,100,25,89,91,KR,2020,7
2020-08-01,92,88,73,91,22,100,82,KR,2020,8
2020-09-01,100,87,87,97,23,72,95,KR,2020,9
2020-10-01,76,77,72,85,21,63,82,KR,2020,10
2020-11-01,73,86,86,92,25,69,80,KR,2020,11
2020-12-01,81,100,89,100,23,75,87,KR,2020,12
2005-01-01,100,91,93,100,93,36,100,FR,2005,1
2005-02-01,87,88,90,94,100,34,94,FR,2005,2
2005-03-01,75,89,91,88,91,37,94,FR,2005,3
2005-04-01,77,87,88,82,86,41,93,FR,2005,4
2005-05-01,79,86,85,83,81,40,95,FR,2005,5
2005-06-01,75,83,84,85,94,37,94,FR,2005,6
2005-07-01,80,65,73,78,75,37,67,FR,2005,7
2005-08-01,74,62,63,75,56,38,64,FR,2005,8
2005-09-01,78,85,94,74,76,55,89,FR,2005,9
2005-10-01,74,83,96,80,85,42,89,FR,2005,10
2005-11-01,85,89,97,84,81,41,92,FR,2005,11
2005-12-01,65,77,73,91,74,36,77,FR,2005,12
2006-01-01,75,90,96,86,81,36,88,FR,2006,1
2006-02-01,69,89,91,82,94,37,82,FR,2006,2
2006-03-01,79,94,100,83,87,38,90,FR,2006,3
2006-04-01,66,83,79,76,75,39,87,FR,2006,4
2006-05-01,65,80,82,71,67,37,94,FR,2006,5
2006-06-01,68,77,85,77,75,37,87,FR,2006,6
2006-07-01,67,68,73,66,68,40,72,FR,2006,7
2006-08-01,59,69,63,77,71,37,69,FR,2006,8
2006-09-01,76,93,92,85,74,40,92,FR,2006,9
2006-10-01,67,90,98,76,84,37,87,FR,2006,10
2006-11-01,67,95,97,85,80,36,98,FR,2006,11
2006-12-01,66,82,91,91,80,35,75,FR,2006,12
2007-01-01,68,91,95,84,90,37,86,FR,2007,1
2007-02-01,67,100,91,83,85,38,81,FR,2007,2
2007-03-01,65,95,96,81,80,39,94,FR,2007,3
2007-04-01,76,81,77,69,67,35,85,FR,2007,4
2007-05-01,62,87,77,74,70,36,93,FR,2007,5
2007-06-01,68,87,83,70,73,35,89,FR,2007,6
2007-07-01,55,82,77,68,66,35,74,FR,2007,7
2007-08-01,48,68,58,64,56,34,66,FR,2007,8
2007-09-01,58,88,82,77,73,35,79,FR,2007,9
2007-10-01,64,95,88,72,75,38,90,FR,2007,10
2007-11-01,58,97,87,80,72,56,86,FR,2007,11
2007-12-01,52,74,69,84,66,52,71,FR,2007,12
2008-01-01,52,82,78,66,74,52,70,FR,2008,1
2008-02-01,57,82,87,65,71,44,66,FR,2008,2
2008-03-01,59,90,73,67,64,43,79,FR,2008,3
2008-04-01,50,81,76,63,71,41,72,FR,2008,4
2008-05-01,52,77,70,59,62,46,71,FR,2008,5
2008-06-01,52,76,73,55,63,49,71,FR,2008,6
2008-07-01,44,75,60,51,57,44,64,FR,2008,7
2008-08-01,40,63,53,51,48,39,55,FR,2008,8
2008-09-01,48,78,69,59,64,42,65,FR,2008,9
2008-10-01,47,85,74,56,71,40,69,FR,2008,10
2008-11-01,45,79,69,61,73,37,66,FR,2008,11
2008-12-01,42,80,64,64,64,37,59,FR,2008,12
2009-01-01,48,74,66,54,60,34,56,FR,2009,1
2009-02-01,45,77,66,54,61,37,62,FR,2009,2
2009-03-01,48,79,65,50,62,32,65,FR,2009,3
2009-04-01,39,77,59,45,48,33,69,FR,2009,4
2009-05-01,40,73,59,45,55,31,71,FR,2009,5
2009-06-01,49,70,58,44,55,34,67,FR,2009,6
2009-07-01,46,66,53,43,53,32,58,FR,2009,7
2009-08-01,31,59,44,40,37,29,49,FR,2009,8
2009-09-01,41,69,64,49,56,32,60,FR,2009,9
2009-10-01,41,81,62,51,57,31,61,FR,2009,10
2009-11-01,39,80,65,50,55,31,64,FR,2009,11
2009-12-01,35,73,56,51,47,30,55,FR,2009,12
2010-01-01,37,72,60,49,50,30,55,FR,2010,1
2010-02-01,39,71,56,45,48,30,60,FR,2010,2
2010-03-01,36,79,60,41,55,30,65,FR,2010,3
2010-04-01,36,69,54,39,43,31,63,FR,2010,4
2010-05-01,36,80,56,41,41,29,67,FR,2010,5
2010-06-01,37,74,54,39,45,26,66,FR,2010,6
2010-07-01,27,54,47,33,41,26,51,FR,2010,7
2010-08-01,26,51,40,34,39,24,43,FR,2010,8
2010-09-01,34,66,54,37,38,27,53,FR,2010,9
2010-10-01,33,62,58,36,42,90,57,FR,2010,10
2010-11-01,31,62,51,36,44,25,55,FR,2010,11
2010-12-01,31,50,49,35,40,27,46,FR,2010,12
2011-01-01,41,77,78,47,51,41,61,FR,2011,1
2011-02-01,41,70,64,38,41,35,51,FR,2011,2
2011-03-01,44,70,62,38,48,35,58,FR,2011,3
2011-04-01,38,68,62,38,46,32,64,FR,2011,4
2011-05-01,40,69,67,41,46,30,67,FR,2011,5
2011-06-01,38,62,60,36,46,31,62,FR,2011,6
2011-07-01,38,60,54,36,38,33,52,FR,2011,7
2011-08-01,30,56,46,32,34,29,49,FR,2011,8
2011-09-01,41,65,62,37,42,30,59,FR,2011,9
2011-10-01,39,64,63,37,44,32,58,FR,2011,10
2011-11-01,37,64,64,38,42,31,58,FR,2011,11
2011-12-01,34,54,55,39,35,29,49,FR,2011,12
2012-01-01,40,70,64,39,41,34,55,FR,2012,1
2012-02-01,38,64,59,35,38,33,48,FR,2012,2
2012-03-01,36,60,56,34,41,30,52,FR,2012,3
2012-04-01,36,65,59,33,39,32,57,FR,2012,4
2012-05-01,33,65,58,33,38,33,60,FR,2012,5
2012-06-01,34,58,55,31,42,30,55,FR,2012,6
2012-07-01,32,57,54,32,38,31,49,FR,2012,7
2012-08-01,33,48,44,27,35,31,49,FR,2012,8
2012-09-01,37,59,63,32,47,35,55,FR,2012,9
2012-10-01,39,65,62,32,46,30,57,FR,2012,10
2012-11-01,36,65,58,37,40,30,54,FR,2012,11
2012-12-01,32,55,55,36,36,28,50,FR,2012,12
2013-01-01,33,58,57,33,40,27,51,FR,2013,1
2013-02-01,36,61,59,33,43,30,53,FR,2013,2
2013-03-01,31,61,56,30,40,31,51,FR,2013,3
2013-04-01,31,56,60,31,35,31,52,FR,2013,4
2013-05-01,34,60,51,31,36,31,56,FR,2013,5
2013-06-01,35,56,56,29,38,30,56,FR,2013,6
2013-07-01,31,51,54,26,35,33,55,FR,2013,7
2013-08-01,26,49,48,26,29,31,48,FR,2013,8
2013-09-01,34,53,57,30,37,29,57,FR,2013,9
2013-10-01,34,59,62,30,42,29,57,FR,2013,10
2013-11-01,33,58,54,31,42,28,55,FR,2013,11
2013-12-01,33,53,51,32,37,29,47,FR,2013,12
2014-01-01,33,59,57,30,42,30,50,FR,2014,1
2014-02-01,33,57,61,32,42,31,50,FR,2014,2
2014-03-01,35,61,58,27,38,33,55,FR,2014,3
2014-04-01,32,60,62,27,38,32,59,FR,2014,4
2014-05-01,30,60,55,27,36,31,60,FR,2014,5
2014-06-01,29,55,55,28,37,29,55,FR,2014,6
2014-07-01,31,51,52,23,37,33,44,FR,2014,7
2014-08-01,25,47,43,25,31,30,47,FR,2014,8
2014-09-01,29,60,60,28,39,30,56,FR,2014,9
2014-10-01,36,64,59,28,40,32,61,FR,2014,10
2014-11-01,41,60,61,29,40,32,57,FR,2014,11
2014-12-01,33,54,53,29,37,30,43,FR,2014,12
2015-01-01,41,60,57,28,39,32,53,FR,2015,1
2015-02-01,41,64,61,26,41,36,50,FR,2015,2
2015-03-01,38,64,57,26,41,31,52,FR,2015,3
2015-04-01,37,66,62,27,46,36,57,FR,2015,4
2015-05-01,35,61,60,24,41,37,60,FR,2015,5
2015-06-01,36,62,60,25,42,34,57,FR,2015,6
2015-07-01,30,55,56,24,40,37,55,FR,2015,7
2015-08-01,28,55,49,23,35,35,53,FR,2015,8
2015-09-01,37,64,64,30,48,38,60,FR,2015,9
2015-10-01,36,63,59,26,38,33,60,FR,2015,10
2015-11-01,40,60,60,25,38,33,57,FR,2015,11
2015-12-01,32,60,54,27,41,34,53,FR,2015,12
2016-01-01,34,65,62,26,41,36,53,FR,2016,1
2016-02-01,39,71,73,27,55,38,54,FR,2016,2
2016-03-01,36,75,68,25,39,35,56,FR,2016,3
2016-04-01,34,67,61,24,43,38,56,FR,2016,4
2016-05-01,40,68,66,26,39,100,66,FR,2016,5
2016-06-01,38,65,68,24,41,41,66,FR,2016,6
2016-07-01,31,57,58,21,40,41,55,FR,2016,7
2016-08-01,27,49,56,20,33,36,52,FR,2016,8
2016-09-01,36,63,63,24,37,37,60,FR,2016,9
2016-10-01,37,58,59,26,41,39,60,FR,2016,10
2016-11-01,43,65,65,25,39,37,56,FR,2016,11
2016-12-01,34,55,61,26,39,38,48,FR,2016,12
2017-01-01,36,61,65,25,42,41,51,FR,2017,1
2017-02-01,36,67,67,23,39,41,49,FR,2017,2
2017-03-01,34,63,65,23,39,38,58,FR,2017,3
2017-04-01,34,65,63,21,38,43,57,FR,2017,4
2017-05-01,35,64,69,22,40,51,64,FR,2017,5
2017-06-01,39,61,66,22,43,49,73,FR,2017,6
2017-07-01,33,57,63,22,44,45,61,FR,2017,7
2017-08-01,29,59,60,21,38,43,64,FR,2017,8
2017-09-01,34,65,67,23,45,45,62,FR,2017,9
2017-10-01,34,67,71,24,42,42,67,FR,2017,10
2017-11-01,33,61,62,24,38,37,58,FR,2017,11
2017-12-01,37,61,67,24,39,41,52,FR,2017,12
2018-01-01,37,62,83,24,49,46,60,FR,2018,1
2018-02-01,38,62,68,22,40,42,55,FR,2018,2
2018-03-01,36,66,70,22,43,45,64,FR,2018,3
2018-04-01,35,68,76,20,39,42,69,FR,2018,4
2018-05-01,37,64,73,21,41,47,73,FR,2018,5
2018-06-01,33,61,68,20,38,50,76,FR,2018,6
2018-07-01,31,57,62,18,41,47,71,FR,2018,7
2018-08-01,28,57,56,18,35,48,75,FR,2018,8
2018-09-01,32,62,67,20,41,43,67,FR,2018,9
2018-10-01,35,67,69,22,43,50,63,FR,2018,10
2018-11-01,35,66,72,24,42,59,65,FR,2018,11
2018-12-01,32,64,65,20,37,51,51,FR,2018,12
2019-01-01,41,70,72,22,42,43,55,FR,2019,1
2019-02-01,35,66,71,20,45,45,59,FR,2019,2
2019-03-01,34,74,65,20,42,48,64,FR,2019,3
2019-04-01,33,63,69,20,43,47,74,FR,2019,4
2019-05-01,33,67,68,21,39,49,77,FR,2019,5
2019-06-01,35,65,71,21,45,51,84,FR,2019,6
2019-07-01,36,59,67,18,41,50,74,FR,2019,7
2019-08-01,29,61,59,18,39,53,67,FR,2019,8
2019-09-01,34,58,70,20,40,43,62,FR,2019,9
2019-10-01,32,65,72,21,41,45,75,FR,2019,10
2019-11-01,33,65,74,25,41,47,74,FR,2019,11
2019-12-01,32,65,68,20,39,60,58,FR,2019,12
2020-01-01,36,62,71,23,42,49,63,FR,2020,1
2020-02-01,33,64,67,20,41,44,61,FR,2020,2
2020-03-01,34,69,68,21,32,46,66,FR,2020,3
2020-04-01,39,84,59,22,30,35,79,FR,2020,4
2020-05-01,55,83,71,23,39,42,93,FR,2020,5
2020-06-01,35,72,72,22,41,47,80,FR,2020,6
2020-07-01,31,70,71,21,43,53,85,FR,2020,7
2020-08-01,29,56,69,19,39,54,74,FR,2020,8
2020-09-01,34,62,76,21,42,43,72,FR,2020,9
2020-10-01,31,64,70,22,44,40,68,FR,2020,10
2020-11-01,32,75,79,25,42,37,70,FR,2020,11
2020-12-01,32,62,69,24,41,41,63,FR,2020,12
2005-01-01,82,83,89,100,90,59,88,GB,2005,1
2005-02-01,80,96,100,87,92,57,89,GB,2005,2
2005-03-01,69,89,91,89,87,57,82,GB,2005,3
2005-04-01,69,91,89,84,100,62,100,GB,2005,4
2005-05-01,70,84,86,81,92,59,93,GB,2005,5
2005-06-01,73,81,90,84,91,62,73,GB,2005,6
2005-07-01,100,78,82,84,80,66,64,GB,2005,7
2005-08-01,84,70,80,82,83,75,56,GB,2005,8
2005-09-01,70,78,82,85,92,100,93,GB,2005,9
2005-10-01,67,81,95,86,83,61,91,GB,2005,10
2005-11-01,72,85,96,88,93,59,96,GB,2005,11
2005-12-01,56,60,62,88,67,46,66,GB,2005,12
2006-01-01,71,80,87,80,80,55,82,GB,2006,1
2006-02-01,72,86,92,81,85,68,81,GB,2006,2
2006-03-01,72,87,83,78,87,85,90,GB,2006,3
2006-04-01,57,75,75,73,76,66,69,GB,2006,4
2006-05-01,61,75,82,71,75,61,80,GB,2006,5
2006-06-01,59,76,81,71,76,57,72,GB,2006,6
2006-07-01,75,70,68,74,78,64,69,GB,2006,7
2006-08-01,58,65,94,76,75,64,55,GB,2006,8
2006-09-01,62,72,88,74,78,55,76,GB,2006,9
2006-10-01,58,71,79,75,81,56,76,GB,2006,10
2006-11-01,60,80,87,81,85,56,84,GB,2006,11
2006-12-01,54,60,56,78,59,43,53,GB,2006,12
2007-01-01,63,79,85,78,80,58,77,GB,2007,1
2007-02-01,58,82,85,71,81,54,75,GB,2007,2
2007-03-01,55,83,85,72,78,82,73,GB,2007,3
2007-04-01,66,78,68,65,70,57,68,GB,2007,4
2007-05-01,50,73,78,69,69,53,77,GB,2007,5
2007-06-01,54,66,74,65,69,51,73,GB,2007,6
2007-07-01,54,66,72,68,66,53,56,GB,2007,7
2007-08-01,56,60,62,63,61,46,49,GB,2007,8
2007-09-01,50,64,68,64,63,46,68,GB,2007,9
2007-10-01,54,73,72,65,73,48,78,GB,2007,10
2007-11-01,54,69,75,75,77,60,80,GB,2007,11
2007-12-01,41,48,53,64,59,45,50,GB,2007,12
2008-01-01,49,63,63,59,71,60,58,GB,2008,1
2008-02-01,55,66,61,62,67,64,62,GB,2008,2
2008-03-01,46,62,57,56,59,85,57,GB,2008,3
2008-04-01,45,63,61,55,60,76,64,GB,2008,4
2008-05-01,48,60,51,49,55,99,64,GB,2008,5
2008-06-01,45,60,56,53,59,100,61,GB,2008,6
2008-07-01,45,56,57,54,64,100,57,GB,2008,7
2008-08-01,39,51,50,52,52,62,47,GB,2008,8
2008-09-01,41,59,53,54,59,53,63,GB,2008,9
2008-10-01,40,62,56,51,59,60,65,GB,2008,10
2008-11-01,43,61,55,53,61,47,64,GB,2008,11
2008-12-01,36,45,42,57,56,40,44,GB,2008,12
2009-01-01,37,50,53,50,56,45,53,GB,2009,1
2009-02-01,41,57,55,52,57,42,56,GB,2009,2
2009-03-01,40,61,53,46,58,39,61,GB,2009,3
2009-04-01,34,54,47,47,52,37,54,GB,2009,4
2009-05-01,37,52,44,46,50,36,62,GB,2009,5
2009-06-01,37,52,46,44,50,39,55,GB,2009,6
2009-07-01,49,56,48,50,52,41,46,GB,2009,7
2009-08-01,35,46,44,47,44,35,45,GB,2009,8
2009-09-01,39,56,46,46,50,35,60,GB,2009,9
2009-10-01,37,54,46,48,49,34,62,GB,2009,10
2009-11-01,38,57,49,49,50,37,64,GB,2009,11
2009-12-01,31,42,37,49,41,32,42,GB,2009,12
2010-01-01,35,50,39,53,47,41,50,GB,2010,1
2010-02-01,36,49,45,46,47,36,55,GB,2010,2
2010-03-01,37,57,48,48,49,46,59,GB,2010,3
2010-04-01,34,53,42,44,44,46,56,GB,2010,4
2010-05-01,35,58,42,42,46,41,64,GB,2010,5
2010-06-01,32,51,41,37,42,40,55,GB,2010,6
2010-07-01,36,47,39,37,43,38,41,GB,2010,7
2010-08-01,27,47,35,40,40,35,42,GB,2010,8
2010-09-01,33,49,39,39,42,36,50,GB,2010,9
2010-10-01,32,52,40,40,43,34,53,GB,2010,10
2010-11-01,32,51,38,43,43,36,52,GB,2010,11
2010-12-01,28,39,31,38,34,31,38,GB,2010,12
2011-01-01,39,52,41,46,42,71,45,GB,2011,1
2011-02-01,33,48,44,40,42,54,45,GB,2011,2
2011-03-01,45,53,42,40,41,76,50,GB,2011,3
2011-04-01,36,50,34,38,38,58,49,GB,2011,4
2011-05-01,37,55,39,41,41,58,62,GB,2011,5
2011-06-01,37,51,39,38,42,53,51,GB,2011,6
2011-07-01,44,47,36,39,38,52,40,GB,2011,7
2011-08-01,36,45,33,36,34,46,37,GB,2011,8
2011-09-01,42,50,37,39,37,45,49,GB,2011,9
2011-10-01,34,54,39,42,39,45,57,GB,2011,10
2011-11-01,36,50,39,42,40,49,53,GB,2011,11
2011-12-01,32,40,31,41,33,38,41,GB,2011,12
2012-01-01,40,52,37,42,39,54,48,GB,2012,1
2012-02-01,37,49,40,37,38,45,45,GB,2012,2
2012-03-01,34,47,37,34,37,59,47,GB,2012,3
2012-04-01,35,52,39,38,42,55,49,GB,2012,4
2012-05-01,37,51,42,37,42,49,51,GB,2012,5
2012-06-01,30,46,31,33,35,45,43,GB,2012,6
2012-07-01,34,42,34,35,33,39,36,GB,2012,7
2012-08-01,40,44,30,33,32,42,37,GB,2012,8
2012-09-01,33,53,33,37,36,42,47,GB,2012,9
2012-10-01,37,59,38,35,36,42,53,GB,2012,10
2012-11-01,35,50,38,39,37,41,51,GB,2012,11
2012-12-01,33,40,32,38,31,34,41,GB,2012,12
2013-01-01,33,43,33,34,33,43,45,GB,2013,1
2013-02-01,39,51,37,35,34,45,47,GB,2013,2
2013-03-01,33,48,35,32,33,46,46,GB,2013,3
2013-04-01,32,51,34,33,31,45,47,GB,2013,4
2013-05-01,36,51,34,35,32,39,52,GB,2013,5
2013-06-01,33,46,33,32,31,37,46,GB,2013,6
2013-07-01,32,46,31,30,32,39,43,GB,2013,7
2013-08-01,32,43,28,28,28,38,37,GB,2013,8
2013-09-01,30,49,30,35,30,38,46,GB,2013,9
2013-10-01,33,51,33,34,31,38,61,GB,2013,10
2013-11-01,37,48,33,34,30,38,51,GB,2013,11
2013-12-01,33,40,26,36,26,32,37,GB,2013,12
2014-01-01,34,46,31,33,31,44,44,GB,2014,1
2014-02-01,32,45,35,31,31,37,43,GB,2014,2
2014-03-01,40,52,31,30,29,41,46,GB,2014,3
2014-04-01,36,51,33,30,30,41,47,GB,2014,4
2014-05-01,33,56,39,30,28,36,56,GB,2014,5
2014-06-01,31,49,32,27,28,38,48,GB,2014,6
2014-07-01,31,46,30,28,27,36,42,GB,2014,7
2014-08-01,33,43,27,32,27,33,38,GB,2014,8
2014-09-01,32,52,30,31,28,36,49,GB,2014,9
2014-10-01,39,56,34,30,30,40,51,GB,2014,10
2014-11-01,36,52,36,32,29,39,47,GB,2014,11
2014-12-01,41,40,27,33,25,35,36,GB,2014,12
2015-01-01,34,51,33,32,40,52,48,GB,2015,1
2015-02-01,34,54,36,31,33,42,44,GB,2015,2
2015-03-01,31,51,33,30,29,41,43,GB,2015,3
2015-04-01,31,57,32,30,31,42,49,GB,2015,4
2015-05-01,33,56,31,28,27,40,49,GB,2015,5
2015-06-01,31,51,31,29,28,34,45,GB,2015,6
2015-07-01,35,48,30,28,28,41,40,GB,2015,7
2015-08-01,34,51,26,28,27,39,36,GB,2015,8
2015-09-01,36,50,32,30,29,44,50,GB,2015,9
2015-10-01,35,50,32,30,28,43,45,GB,2015,10
2015-11-01,37,51,32,30,30,38,47,GB,2015,11
2015-12-01,45,44,28,28,24,33,36,GB,2015,12
2016-01-01,37,52,28,28,28,42,43,GB,2016,1
2016-02-01,34,54,33,28,28,40,46,GB,2016,2
2016-03-01,29,51,31,26,26,39,42,GB,2016,3
2016-04-01,32,57,34,27,26,44,46,GB,2016,4
2016-05-01,37,57,31,27,27,40,55,GB,2016,5
2016-06-01,38,53,29,26,27,44,49,GB,2016,6
2016-07-01,34,49,28,24,26,38,38,GB,2016,7
2016-08-01,29,48,26,25,25,40,35,GB,2016,8
2016-09-01,32,50,30,28,28,35,45,GB,2016,9
2016-10-01,35,54,31,27,29,40,50,GB,2016,10
2016-11-01,36,55,34,30,28,47,49,GB,2016,11
2016-12-01,29,44,27,25,24,34,36,GB,2016,12
2017-01-01,36,51,32,27,31,52,40,GB,2017,1
2017-02-01,34,53,33,26,29,49,42,GB,2017,2
2017-03-01,32,56,33,25,30,47,42,GB,2017,3
2017-04-01,33,56,28,23,26,47,43,GB,2017,4
2017-05-01,34,59,30,25,27,42,55,GB,2017,5
2017-06-01,32,58,30,25,26,41,48,GB,2017,6
2017-07-01,32,54,29,25,26,40,43,GB,2017,7
2017-08-01,32,52,28,25,25,35,39,GB,2017,8
2017-09-01,33,55,27,26,27,40,43,GB,2017,9
2017-10-01,32,58,32,28,29,42,52,GB,2017,10
2017-11-01,33,52,32,27,27,42,44,GB,2017,11
2017-12-01,31,44,27,26,23,35,34,GB,2017,12
2018-01-01,34,57,31,25,31,46,48,GB,2018,1
2018-02-01,37,53,30,23,32,44,44,GB,2018,2
2018-03-01,34,58,31,25,31,48,43,GB,2018,3
2018-04-01,32,59,29,25,28,47,45,GB,2018,4
2018-05-01,33,60,29,23,29,48,51,GB,2018,5
2018-06-01,26,56,25,22,30,45,49,GB,2018,6
2018-07-01,29,51,25,24,28,37,46,GB,2018,7
2018-08-01,29,49,25,22,26,39,39,GB,2018,8
2018-09-01,30,49,26,23,30,41,46,GB,2018,9
2018-10-01,34,53,31,24,28,46,50,GB,2018,10
2018-11-01,32,59,33,28,37,52,51,GB,2018,11
2018-12-01,28,44,26,23,25,41,34,GB,2018,12
2019-01-01,32,56,29,24,37,54,44,GB,2019,1
2019-02-01,34,55,33,24,34,48,40,GB,2019,2
2019-03-01,33,58,31,24,34,47,43,GB,2019,3
2019-04-01,28,58,28,23,35,57,46,GB,2019,4
2019-05-01,28,59,26,24,34,45,46,GB,2019,5
2019-06-01,33,56,27,23,36,49,49,GB,2019,6
2019-07-01,43,55,27,24,35,40,49,GB,2019,7
2019-08-01,29,53,25,21,34,37,42,GB,2019,8
2019-09-01,29,53,26,24,31,40,48,GB,2019,9
2019-10-01,30,59,30,24,36,45,46,GB,2019,10
2019-11-01,30,59,32,27,38,42,48,GB,2019,11
2019-12-01,27,46,25,24,30,40,36,GB,2019,12
2020-01-01,36,58,31,25,40,55,43,GB,2020,1
2020-02-01,31,59,29,24,38,47,43,GB,2020,2
2020-03-01,31,69,29,24,41,43,42,GB,2020,3
2020-04-01,45,100,30,26,29,43,56,GB,2020,4
2020-05-01,87,96,30,27,32,37,57,GB,2020,5
2020-06-01,37,86,29,26,37,42,58,GB,2020,6
2020-07-01,33,78,32,24,38,40,56,GB,2020,7
2020-08-01,32,66,28,24,33,38,44,GB,2020,8
2020-09-01,28,66,29,26,38,36,47,GB,2020,9
2020-10-01,33,61,31,25,35,38,48,GB,2020,10
2020-11-01,30,65,50,28,32,36,45,GB,2020,11
2020-12-01,31,54,55,26,30,37,36,GB,2020,12
2005-01-01,100,92,95,100,83,19,85,CA,2005,1
2005-02-01,88,91,100,87,77,18,91,CA,2005,2
2005-03-01,86,100,94,89,87,20,87,CA,2005,3
2005-04-01,77,89,94,75,91,27,89,CA,2005,4
2005-05-01,77,88,87,77,76,19,84,CA,2005,5
2005-06-01,69,82,79,77,79,19,78,CA,2005,6
2005-07-01,97,79,77,67,86,23,61,CA,2005,7
2005-08-01,82,75,79,76,77,53,62,CA,2005,8
2005-09-01,67,89,83,75,87,100,85,CA,2005,9
2005-10-01,67,91,83,80,77,24,95,CA,2005,10
2005-11-01,70,92,84,82,100,20,100,CA,2005,11
2005-12-01,59,68,67,78,57,16,72,CA,2005,12
2006-01-01,72,75,82,76,80,17,72,CA,2006,1
2006-02-01,66,87,80,76,69,17,84,CA,2006,2
2006-03-01,70,84,88,73,83,20,84,CA,2006,3
2006-04-01,63,78,77,67,71,32,81,CA,2006,4
2006-05-01,60,75,70,62,70,23,71,CA,2006,5
2006-06-01,62,74,69,62,62,19,73,CA,2006,6
2006-07-01,69,71,65,65,67,25,63,CA,2006,7
2006-08-01,59,65,65,64,67,25,59,CA,2006,8
2006-09-01,73,78,73,72,77,23,75,CA,2006,9
2006-10-01,61,79,74,70,62,16,84,CA,2006,10
2006-11-01,58,79,88,72,72,15,78,CA,2006,11
2006-12-01,64,59,60,71,50,13,57,CA,2006,12
2007-01-01,62,72,81,71,70,16,69,CA,2007,1
2007-02-01,76,77,87,67,76,19,72,CA,2007,2
2007-03-01,59,85,82,68,64,22,72,CA,2007,3
2007-04-01,74,73,75,62,62,20,73,CA,2007,4
2007-05-01,54,67,71,54,53,24,67,CA,2007,5
2007-06-01,52,62,60,55,48,17,64,CA,2007,6
2007-07-01,45,62,62,56,51,16,58,CA,2007,7
2007-08-01,54,61,61,56,45,13,53,CA,2007,8
2007-09-01,50,67,64,60,67,13,66,CA,2007,9
2007-10-01,51,72,76,61,59,14,78,CA,2007,10
2007-11-01,55,79,70,62,61,16,74,CA,2007,11
2007-12-01,44,52,46,55,45,12,53,CA,2007,12
2008-01-01,44,57,64,49,49,14,53,CA,2008,1
2008-02-01,52,63,62,52,48,15,59,CA,2008,2
2008-03-01,46,62,61,48,60,17,57,CA,2008,3
2008-04-01,41,65,64,45,61,21,63,CA,2008,4
2008-05-01,51,57,56,42,53,24,55,CA,2008,5
2008-06-01,44,56,50,44,52,26,49,CA,2008,6
2008-07-01,38,53,50,41,50,22,46,CA,2008,7
2008-08-01,35,53,48,45,40,17,40,CA,2008,8
2008-09-01,39,57,56,43,43,25,56,CA,2008,9
2008-10-01,37,58,57,42,69,22,64,CA,2008,10
2008-11-01,38,58,53,42,88,18,53,CA,2008,11
2008-12-01,35,46,43,46,88,16,44,CA,2008,12
2009-01-01,34,48,59,42,50,13,46,CA,2009,1
2009-02-01,42,54,59,37,59,13,52,CA,2009,2
2009-03-01,39,53,54,40,66,12,52,CA,2009,3
2009-04-01,35,50,53,37,67,12,51,CA,2009,4
2009-05-01,33,47,46,35,71,12,46,CA,2009,5
2009-06-01,34,46,47,35,57,11,45,CA,2009,6
2009-07-01,49,49,47,35,40,13,43,CA,2009,7
2009-08-01,33,44,48,36,37,12,40,CA,2009,8
2009-09-01,39,53,52,37,36,11,48,CA,2009,9
2009-10-01,39,56,56,38,39,11,58,CA,2009,10
2009-11-01,38,54,57,38,41,10,54,CA,2009,11
2009-12-01,32,43,41,40,34,10,41,CA,2009,12
2010-01-01,34,46,48,39,36,9,42,CA,2010,1
2010-02-01,35,50,48,35,33,9,45,CA,2010,2
2010-03-01,35,49,51,34,36,10,46,CA,2010,3
2010-04-01,35,50,48,34,35,11,50,CA,2010,4
2010-05-01,32,44,45,30,30,10,45,CA,2010,5
2010-06-01,31,47,43,33,30,9,43,CA,2010,6
2010-07-01,32,38,41,29,28,10,37,CA,2010,7
2010-08-01,29,39,39,31,29,9,36,CA,2010,8
2010-09-01,29,46,48,32,30,9,46,CA,2010,9
2010-10-01,31,47,42,30,31,9,51,CA,2010,10
2010-11-01,32,44,45,31,33,9,45,CA,2010,11
2010-12-01,28,35,36,31,26,9,35,CA,2010,12
2011-01-01,37,49,52,38,30,11,50,CA,2011,1
2011-02-01,34,49,52,36,27,13,45,CA,2011,2
2011-03-01,41,46,49,34,35,16,47,CA,2011,3
2011-04-01,39,49,47,35,36,21,51,CA,2011,4
2011-05-01,34,51,47,33,30,25,45,CA,2011,5
2011-06-01,32,47,45,29,27,13,43,CA,2011,6
2011-07-01,34,41,40,28,28,15,38,CA,2011,7
2011-08-01,34,44,42,31,26,16,40,CA,2011,8
2011-09-01,42,48,46,32,29,13,45,CA,2011,9
2011-10-01,31,51,53,34,32,14,50,CA,2011,10
2011-11-01,37,53,50,34,31,13,50,CA,2011,11
2011-12-01,32,39,40,32,23,11,39,CA,2011,12
2012-01-01,34,46,48,35,28,12,42,CA,2012,1
2012-02-01,32,46,50,31,30,13,44,CA,2012,2
2012-03-01,32,48,48,31,28,16,44,CA,2012,3
2012-04-01,36,51,47,30,28,20,47,CA,2012,4
2012-05-01,34,47,48,29,33,16,45,CA,2012,5
2012-06-01,29,46,41,28,30,16,40,CA,2012,6
2012-07-01,27,41,40,26,25,14,38,CA,2012,7
2012-08-01,42,44,44,29,26,14,36,CA,2012,8
2012-09-01,32,53,46,31,35,16,46,CA,2012,9
2012-10-01,34,56,49,31,30,17,48,CA,2012,10
2012-11-01,31,54,53,35,29,15,46,CA,2012,11
2012-12-01,36,42,41,31,26,13,35,CA,2012,12
2013-01-01,33,43,46,30,27,12,40,CA,2013,1
2013-02-01,36,48,46,29,25,17,45,CA,2013,2
2013-03-01,33,47,44,27,25,15,41,CA,2013,3
2013-04-01,32,50,49,27,28,14,44,CA,2013,4
2013-05-01,41,49,47,26,25,16,43,CA,2013,5
2013-06-01,31,44,42,27,29,16,40,CA,2013,6
2013-07-01,30,44,42,26,38,17,40,CA,2013,7
2013-08-01,30,43,42,25,27,15,39,CA,2013,8
2013-09-01,31,49,45,28,28,14,46,CA,2013,9
2013-10-01,33,51,47,29,29,15,51,CA,2013,10
2013-11-01,36,47,48,28,27,13,46,CA,2013,11
2013-12-01,31,39,39,28,26,12,34,CA,2013,12
2014-01-01,31,44,49,27,24,13,38,CA,2014,1
2014-02-01,28,43,50,24,25,13,39,CA,2014,2
2014-03-01,32,45,49,27,25,15,38,CA,2014,3
2014-04-01,32,49,46,26,26,18,41,CA,2014,4
2014-05-01,30,48,47,24,25,15,39,CA,2014,5
2014-06-01,26,48,41,24,25,16,36,CA,2014,6
2014-07-01,29,44,40,22,23,14,36,CA,2014,7
2014-08-01,27,42,39,23,23,14,33,CA,2014,8
2014-09-01,29,48,47,25,22,12,41,CA,2014,9
2014-10-01,33,50,51,25,28,16,44,CA,2014,10
2014-11-01,34,45,49,23,28,17,41,CA,2014,11
2014-12-01,29,38,41,26,21,22,33,CA,2014,12
2015-01-01,31,42,45,25,22,20,38,CA,2015,1
2015-02-01,31,45,45,25,26,17,40,CA,2015,2
2015-03-01,29,45,44,23,23,14,37,CA,2015,3
2015-04-01,36,53,52,24,27,13,40,CA,2015,4
2015-05-01,27,42,39,22,24,14,33,CA,2015,5
2015-06-01,28,43,42,23,24,14,37,CA,2015,6
2015-07-01,31,41,41,23,24,15,36,CA,2015,7
2015-08-01,29,41,39,22,22,19,31,CA,2015,8
2015-09-01,33,48,48,25,26,17,41,CA,2015,9
2015-10-01,30,47,45,23,25,14,42,CA,2015,10
2015-11-01,32,48,47,24,26,13,32,CA,2015,11
2015-12-01,28,38,41,24,20,14,32,CA,2015,12
2016-01-01,29,46,43,22,23,18,37,CA,2016,1
2016-02-01,30,47,51,23,25,18,42,CA,2016,2
2016-03-01,27,43,49,21,23,14,35,CA,2016,3
2016-04-01,31,48,49,20,25,15,38,CA,2016,4
2016-05-01,37,54,48,20,24,16,36,CA,2016,5
2016-06-01,36,50,46,22,24,17,39,CA,2016,6
2016-07-01,32,43,40,20,21,15,31,CA,2016,7
2016-08-01,28,42,45,19,24,14,32,CA,2016,8
2016-09-01,32,47,47,22,27,12,39,CA,2016,9
2016-10-01,31,52,47,21,25,15,44,CA,2016,10
2016-11-01,34,48,48,24,27,14,39,CA,2016,11
2016-12-01,32,40,43,22,22,15,32,CA,2016,12
2017-01-01,32,45,55,22,25,17,32,CA,2017,1
2017-02-01,34,49,47,21,22,14,37,CA,2017,2
2017-03-01,30,50,50,22,23,15,37,CA,2017,3
2017-04-01,34,51,49,23,24,20,40,CA,2017,4
2017-05-01,30,49,46,21,25,15,43,CA,2017,5
2017-06-01,31,52,49,20,24,15,43,CA,2017,6
2017-07-01,29,46,46,21,24,16,37,CA,2017,7
2017-08-01,31,45,49,20,23,17,33,CA,2017,8
2017-09-01,30,48,48,22,26,23,41,CA,2017,9
2017-10-01,30,53,53,23,27,16,44,CA,2017,10
2017-11-01,33,48,51,22,23,19,38,CA,2017,11
2017-12-01,32,42,58,23,22,17,33,CA,2017,12
2018-01-01,36,46,59,23,23,17,40,CA,2018,1
2018-02-01,41,46,56,20,22,16,34,CA,2018,2
2018-03-01,31,51,55,22,24,21,38,CA,2018,3
2018-04-01,32,51,53,23,24,30,40,CA,2018,4
2018-05-01,30,53,54,21,25,28,41,CA,2018,5
2018-06-01,26,50,53,20,24,24,37,CA,2018,6
2018-07-01,27,46,48,18,24,26,37,CA,2018,7
2018-08-01,28,47,47,19,22,21,31,CA,2018,8
2018-09-01,28,48,49,21,22,23,41,CA,2018,9
2018-10-01,30,50,54,20,24,23,42,CA,2018,10
2018-11-01,33,51,55,25,57,25,40,CA,2018,11
2018-12-01,30,40,48,20,25,22,30,CA,2018,12
2019-01-01,32,45,56,22,27,19,33,CA,2019,1
2019-02-01,33,47,49,20,26,20,35,CA,2019,2
2019-03-01,31,53,52,21,24,24,35,CA,2019,3
2019-04-01,29,56,56,21,27,35,39,CA,2019,4
2019-05-01,29,52,51,19,25,25,38,CA,2019,5
2019-06-01,30,55,48,20,29,26,40,CA,2019,6
2019-07-01,31,48,47,19,23,22,35,CA,2019,7
2019-08-01,26,47,48,18,23,21,34,CA,2019,8
2019-09-01,29,52,49,20,45,23,40,CA,2019,9
2019-10-01,26,58,53,20,63,23,41,CA,2019,10
2019-11-01,27,48,56,23,25,21,40,CA,2019,11
2019-12-01,25,45,48,22,23,19,30,CA,2019,12
2020-01-01,33,47,61,20,23,19,34,CA,2020,1
2020-02-01,29,47,52,21,22,22,34,CA,2020,2
2020-03-01,26,62,48,22,36,40,37,CA,2020,3
2020-04-01,30,76,40,25,26,23,37,CA,2020,4
2020-05-01,50,74,45,22,27,18,44,CA,2020,5
2020-06-01,30,63,46,21,25,16,42,CA,2020,6
2020-07-01,27,62,56,22,24,16,45,CA,2020,7
2020-08-01,28,59,50,20,23,15,38,CA,2020,8
2020-09-01,27,58,54,22,24,14,42,CA,2020,9
2020-10-01,30,55,56,22,24,14,37,CA,2020,10
2020-11-01,29,49,66,21,23,14,34,CA,2020,11
2020-12-01,27,49,69,21,22,14,31,CA,2020,12
2005-01-01,87,95,91,100,92,49,92,CH,2005,1
2005-02-01,81,95,100,86,100,51,96,CH,2005,2
2005-03-01,71,86,85,81,45,44,90,CH,2005,3
2005-04-01,70,95,93,84,71,60,100,CH,2005,4
2005-05-01,68,89,81,85,96,54,95,CH,2005,5
2005-06-01,66,100,87,77,93,65,99,CH,2005,6
2005-07-01,93,83,77,74,44,73,82,CH,2005,7
2005-08-01,100,89,84,77,78,64,82,CH,2005,8
2005-09-01,70,87,87,82,87,100,87,CH,2005,9
2005-10-01,61,80,81,72,89,52,82,CH,2005,10
2005-11-01,70,82,93,77,98,49,85,CH,2005,11
2005-12-01,55,70,71,77,56,41,69,CH,2005,12
2006-01-01,62,73,84,77,80,52,77,CH,2006,1
2006-02-01,64,81,83,78,70,45,78,CH,2006,2
2006-03-01,58,77,83,72,85,56,76,CH,2006,3
2006-04-01,53,71,62,64,63,63,73,CH,2006,4
2006-05-01,49,76,68,59,72,52,80,CH,2006,5
2006-06-01,53,74,68,66,80,58,73,CH,2006,6
2006-07-01,53,73,68,61,70,62,68,CH,2006,7
2006-08-01,56,76,73,68,66,66,74,CH,2006,8
2006-09-01,60,72,70,72,65,61,71,CH,2006,9
2006-10-01,51,67,69,65,71,49,66,CH,2006,10
2006-11-01,55,70,78,70,88,45,72,CH,2006,11
2006-12-01,52,58,56,71,39,40,60,CH,2006,12
2007-01-01,57,69,75,72,62,51,71,CH,2007,1
2007-02-01,52,68,71,66,53,58,65,CH,2007,2
2007-03-01,56,69,69,67,88,48,73,CH,2007,3
2007-04-01,65,63,66,59,57,48,70,CH,2007,4
2007-05-01,42,67,65,60,52,46,76,CH,2007,5
2007-06-01,48,74,66,59,57,52,74,CH,2007,6
2007-07-01,43,67,63,55,58,46,59,CH,2007,7
2007-08-01,50,63,58,61,59,46,64,CH,2007,8
2007-09-01,47,64,59,55,62,46,67,CH,2007,9
2007-10-01,45,70,63,59,57,50,70,CH,2007,10
2007-11-01,50,69,64,57,65,64,70,CH,2007,11
2007-12-01,41,50,43,57,55,39,49,CH,2007,12
2008-01-01,44,61,55,55,66,44,60,CH,2008,1
2008-02-01,47,65,58,54,65,49,60,CH,2008,2
2008-03-01,44,59,55,52,55,48,62,CH,2008,3
2008-04-01,43,68,57,53,58,55,65,CH,2008,4
2008-05-01,42,64,51,48,61,66,64,CH,2008,5
2008-06-01,51,64,50,46,48,59,65,CH,2008,6
2008-07-01,35,59,56,43,50,58,49,CH,2008,7
2008-08-01,41,54,49,49,49,48,56,CH,2008,8
2008-09-01,37,60,53,49,56,45,57,CH,2008,9
2008-10-01,35,62,52,47,68,46,60,CH,2008,10
2008-11-01,38,60,49,42,77,46,56,CH,2008,11
2008-12-01,33,53,41,47,61,43,45,CH,2008,12
2009-01-01,33,51,46,46,61,34,54,CH,2009,1
2009-02-01,36,53,50,46,68,37,53,CH,2009,2
2009-03-01,35,57,49,45,62,37,56,CH,2009,3
2009-04-01,31,56,45,39,58,34,53,CH,2009,4
2009-05-01,32,48,41,37,45,39,57,CH,2009,5
2009-06-01,31,53,44,37,50,37,52,CH,2009,6
2009-07-01,38,56,46,35,53,35,49,CH,2009,7
2009-08-01,31,51,46,38,47,32,48,CH,2009,8
2009-09-01,31,50,46,37,43,31,51,CH,2009,9
2009-10-01,33,49,43,39,52,33,50,CH,2009,10
2009-11-01,31,53,45,41,51,33,50,CH,2009,11
2009-12-01,28,42,37,38,51,28,38,CH,2009,12
2010-01-01,30,43,38,37,39,32,44,CH,2010,1
2010-02-01,28,50,39,34,48,28,48,CH,2010,2
2010-03-01,28,50,40,36,51,34,51,CH,2010,3
2010-04-01,27,47,36,33,49,32,50,CH,2010,4
2010-05-01,26,48,36,33,38,32,52,CH,2010,5
2010-06-01,25,49,36,32,40,32,48,CH,2010,6
2010-07-01,24,40,34,26,35,31,37,CH,2010,7
2010-08-01,24,42,33,29,34,32,38,CH,2010,8
2010-09-01,24,42,39,30,34,30,41,CH,2010,9
2010-10-01,24,43,34,31,43,31,42,CH,2010,10
2010-11-01,25,43,35,32,38,26,46,CH,2010,11
2010-12-01,24,38,30,31,34,25,39,CH,2010,12
2011-01-01,29,54,37,40,51,34,51,CH,2011,1
2011-02-01,28,48,35,32,45,36,45,CH,2011,2
2011-03-01,30,48,37,34,47,35,46,CH,2011,3
2011-04-01,27,46,35,32,43,39,49,CH,2011,4
2011-05-01,28,55,37,35,40,41,60,CH,2011,5
2011-06-01,27,47,32,31,36,36,55,CH,2011,6
2011-07-01,27,44,31,32,41,39,45,CH,2011,7
2011-08-01,25,46,31,30,39,39,44,CH,2011,8
2011-09-01,29,46,34,31,41,36,48,CH,2011,9
2011-10-01,27,47,34,32,50,37,44,CH,2011,10
2011-11-01,31,47,34,38,47,35,50,CH,2011,11
2011-12-01,29,41,29,33,39,31,41,CH,2011,12
2012-01-01,29,47,34,32,36,35,48,CH,2012,1
2012-02-01,29,44,32,31,35,36,42,CH,2012,2
2012-03-01,25,44,33,31,42,40,48,CH,2012,3
2012-04-01,26,49,34,32,42,39,48,CH,2012,4
2012-05-01,27,53,34,28,43,37,55,CH,2012,5
2012-06-01,23,48,31,27,40,35,51,CH,2012,6
2012-07-01,22,42,29,26,43,36,41,CH,2012,7
2012-08-01,31,46,30,28,42,37,45,CH,2012,8
2012-09-01,26,48,32,31,40,42,46,CH,2012,9
2012-10-01,28,46,33,30,40,36,48,CH,2012,10
2012-11-01,26,49,31,33,43,35,48,CH,2012,11
2012-12-01,25,42,26,31,37,33,39,CH,2012,12
2013-01-01,25,44,29,31,33,33,43,CH,2013,1
2013-02-01,27,43,33,28,41,33,41,CH,2013,2
2013-03-01,26,44,28,28,36,33,45,CH,2013,3
2013-04-01,24,45,31,26,42,31,49,CH,2013,4
2013-05-01,24,45,29,26,35,35,52,CH,2013,5
2013-06-01,22,42,28,26,36,31,51,CH,2013,6
2013-07-01,21,41,27,22,32,34,41,CH,2013,7
2013-08-01,22,40,25,23,41,32,44,CH,2013,8
2013-09-01,23,44,27,24,39,32,45,CH,2013,9
2013-10-01,25,42,29,27,40,31,48,CH,2013,10
2013-11-01,24,42,29,26,38,28,42,CH,2013,11
2013-12-01,21,37,21,25,36,29,37,CH,2013,12
2014-01-01,27,37,28,26,38,29,45,CH,2014,1
2014-02-01,23,39,25,25,38,29,39,CH,2014,2
2014-03-01,28,42,26,23,40,33,50,CH,2014,3
2014-04-01,27,43,26,25,40,34,44,CH,2014,4
2014-05-01,33,44,25,22,37,32,50,CH,2014,5
2014-06-01,20,43,25,21,31,32,50,CH,2014,6
2014-07-01,21,38,23,21,30,31,33,CH,2014,7
2014-08-01,22,38,22,22,36,28,40,CH,2014,8
2014-09-01,26,41,23,23,34,29,40,CH,2014,9
2014-10-01,26,44,25,25,41,30,45,CH,2014,10
2014-11-01,29,43,25,27,35,30,43,CH,2014,11
2014-12-01,23,37,21,23,29,35,36,CH,2014,12
2015-01-01,28,40,25,26,40,43,42,CH,2015,1
2015-02-01,26,41,27,24,39,32,41,CH,2015,2
2015-03-01,27,43,26,22,35,35,45,CH,2015,3
2015-04-01,25,46,27,25,38,36,51,CH,2015,4
2015-05-01,22,46,24,22,40,34,51,CH,2015,5
2015-06-01,21,42,24,20,35,33,50,CH,2015,6
2015-07-01,20,36,22,18,31,33,37,CH,2015,7
2015-08-01,22,40,21,21,35,36,40,CH,2015,8
2015-09-01,22,40,23,22,41,34,42,CH,2015,9
2015-10-01,25,40,22,20,30,36,38,CH,2015,10
2015-11-01,25,38,23,21,36,29,39,CH,2015,11
2015-12-01,20,32,19,21,31,34,32,CH,2015,12
2016-01-01,30,42,24,23,38,37,42,CH,2016,1
2016-02-01,29,47,26,23,42,37,45,CH,2016,2
2016-03-01,27,43,23,22,33,38,50,CH,2016,3
2016-04-01,24,41,30,21,37,35,51,CH,2016,4
2016-05-01,32,47,26,21,37,41,53,CH,2016,5
2016-06-01,30,45,27,25,36,40,58,CH,2016,6
2016-07-01,23,38,22,18,28,36,41,CH,2016,7
2016-08-01,23,40,22,19,39,35,44,CH,2016,8
2016-09-01,28,44,23,22,39,36,42,CH,2016,9
2016-10-01,29,45,25,24,34,37,46,CH,2016,10
2016-11-01,30,44,27,26,43,36,46,CH,2016,11
2016-12-01,25,37,22,21,31,36,37,CH,2016,12
2017-01-01,26,39,31,22,39,36,43,CH,2017,1
2017-02-01,30,42,27,21,40,34,42,CH,2017,2
2017-03-01,30,46,27,21,36,35,52,CH,2017,3
2017-04-01,25,43,22,18,32,37,47,CH,2017,4
2017-05-01,25,47,25,20,38,40,54,CH,2017,5
2017-06-01,27,48,26,20,38,41,56,CH,2017,6
2017-07-01,24,41,23,18,30,39,44,CH,2017,7
2017-08-01,29,44,23,20,39,41,47,CH,2017,8
2017-09-01,28,46,26,22,37,36,46,CH,2017,9
2017-10-01,28,48,27,21,39,39,48,CH,2017,10
2017-11-01,29,50,27,23,39,36,46,CH,2017,11
2017-12-01,29,39,20,23,30,36,37,CH,2017,12
2018-01-01,32,46,27,23,37,40,49,CH,2018,1
2018-02-01,34,40,25,20,34,36,41,CH,2018,2
2018-03-01,29,47,28,23,43,40,52,CH,2018,3
2018-04-01,25,44,24,18,36,37,52,CH,2018,4
2018-05-01,26,49,26,20,38,43,57,CH,2018,5
2018-06-01,23,48,24,20,34,39,57,CH,2018,6
2018-07-01,23,41,21,17,35,40,45,CH,2018,7
2018-08-01,23,43,21,18,36,42,47,CH,2018,8
2018-09-01,25,43,25,21,39,39,47,CH,2018,9
2018-10-01,28,47,25,20,37,41,48,CH,2018,10
2018-11-01,32,48,26,25,42,45,49,CH,2018,11
2018-12-01,26,39,19,21,33,42,40,CH,2018,12
2019-01-01,31,47,29,22,39,40,45,CH,2019,1
2019-02-01,29,44,28,19,40,38,43,CH,2019,2
2019-03-01,29,46,30,21,42,41,51,CH,2019,3
2019-04-01,28,53,29,21,38,47,53,CH,2019,4
2019-05-01,27,52,23,21,40,40,54,CH,2019,5
2019-06-01,28,55,24,18,37,45,54,CH,2019,6
2019-07-01,30,44,21,18,30,42,43,CH,2019,7
2019-08-01,26,43,21,19,36,44,54,CH,2019,8
2019-09-01,25,43,23,19,33,41,43,CH,2019,9
2019-10-01,26,47,26,21,38,41,46,CH,2019,10
2019-11-01,26,43,25,21,40,39,46,CH,2019,11
2019-12-01,26,41,20,20,32,39,39,CH,2019,12
2020-01-01,28,45,24,22,40,40,45,CH,2020,1
2020-02-01,26,45,29,19,34,38,43,CH,2020,2
2020-03-01,23,55,24,20,54,38,47,CH,2020,3
2020-04-01,25,54,24,19,30,41,60,CH,2020,4
2020-05-01,46,56,25,20,33,39,65,CH,2020,5
2020-06-01,29,51,25,19,39,39,59,CH,2020,6
2020-07-01,24,49,26,18,37,43,56,CH,2020,7
2020-08-01,26,48,26,18,36,40,52,CH,2020,8
2020-09-01,27,51,25,19,37,39,52,CH,2020,9
2020-10-01,27,45,23,19,44,35,47,CH,2020,10
2020-11-01,27,45,33,21,36,38,45,CH,2020,11
2020-12-01,24,39,26,21,39,52,41,CH,2020,12
