date,Artificial Intelligence,Nanotechnology,Renewable Energy,Space Technology,Data Management,Pharmaceutical Manufacturing,Genetics,Cybersecurity,Automation & Control Systems,Semiconductor & Electronic Components,Country,year,month
2005-01-01,81,92,68,64,100,100,88,100,93,96,US,2005,1
2005-02-01,100,90,69,57,99,97,100,82,100,97,US,2005,2
2005-03-01,97,100,79,55,95,94,93,72,88,100,US,2005,3
2005-04-01,91,86,95,57,94,99,90,63,77,91,US,2005,4
2005-05-01,81,88,72,54,89,92,73,67,82,87,US,2005,5
2005-06-01,69,84,67,42,92,83,56,63,81,86,US,2005,6
2005-07-01,65,84,64,100,89,85,58,62,85,82,US,2005,7
2005-08-01,63,90,84,79,91,92,57,70,88,89,US,2005,8
2005-09-01,75,81,86,48,90,88,74,54,70,83,US,2005,9
2005-10-01,85,82,86,45,85,83,87,52,80,83,US,2005,10
2005-11-01,95,82,84,46,84,90,92,59,85,79,US,2005,11
2005-12-01,68,69,65,39,77,79,72,62,77,80,US,2005,12
2006-01-01,64,78,78,47,81,89,75,60,79,77,US,2006,1
2006-02-01,78,75,91,42,83,86,83,50,78,87,US,2006,2
2006-03-01,82,80,84,47,83,92,80,47,81,81,US,2006,3
2006-04-01,78,74,97,42,75,86,72,42,79,77,US,2006,4
2006-05-01,65,72,100,42,77,79,63,40,68,83,US,2006,5
2006-06-01,54,73,79,38,85,84,50,42,80,75,US,2006,6
2006-07-01,52,69,75,60,75,83,43,43,74,69,US,2006,7
2006-08-01,61,80,82,38,81,87,47,46,75,78,US,2006,8
2006-09-01,64,70,72,51,70,86,62,42,67,76,US,2006,9
2006-10-01,64,66,69,35,69,78,70,36,68,68,US,2006,10
2006-11-01,64,62,70,32,64,84,64,38,67,65,US,2006,11
2006-12-01,54,62,69,50,64,80,58,43,62,62,US,2006,12
2007-01-01,52,71,78,35,70,84,62,41,71,66,US,2007,1
2007-02-01,62,69,80,48,76,87,71,37,74,71,US,2007,2
2007-03-01,66,70,84,39,73,85,61,35,67,69,US,2007,3
2007-04-01,67,67,89,56,66,77,58,34,66,66,US,2007,4
2007-05-01,62,66,88,38,62,76,53,29,62,59,US,2007,5
2007-06-01,51,63,67,43,63,70,40,31,62,58,US,2007,6
2007-07-01,46,63,69,30,61,69,38,33,67,65,US,2007,7
2007-08-01,55,65,69,43,70,78,42,38,69,55,US,2007,8
2007-09-01,53,58,69,30,60,69,54,30,58,60,US,2007,9
2007-10-01,62,63,81,40,68,74,72,31,71,63,US,2007,10
2007-11-01,61,58,83,32,67,71,62,31,61,60,US,2007,11
2007-12-01,50,51,74,29,54,67,50,32,55,51,US,2007,12
2008-01-01,48,63,79,31,60,75,55,32,66,54,US,2008,1
2008-02-01,54,63,83,40,61,78,61,33,61,59,US,2008,2
2008-03-01,53,62,78,32,56,67,50,29,57,59,US,2008,3
2008-04-01,57,63,94,28,60,69,56,27,57,60,US,2008,4
2008-05-01,45,56,93,36,54,62,45,29,56,56,US,2008,5
2008-06-01,44,56,80,33,54,58,34,28,53,56,US,2008,6
2008-07-01,38,55,88,35,54,64,37,30,61,55,US,2008,7
2008-08-01,41,60,79,25,52,62,38,35,57,50,US,2008,8
2008-09-01,39,53,69,23,49,59,46,27,53,51,US,2008,9
2008-10-01,51,58,79,26,51,61,57,26,57,57,US,2008,10
2008-11-01,43,48,66,28,43,57,53,28,48,49,US,2008,11
2008-12-01,38,47,62,23,44,57,43,32,45,49,US,2008,12
2009-01-01,36,51,58,21,43,54,41,30,45,43,US,2009,1
2009-02-01,45,52,73,26,47,56,55,30,53,49,US,2009,2
2009-03-01,47,56,72,32,47,57,49,30,49,47,US,2009,3
2009-04-01,50,55,76,24,49,61,51,32,49,46,US,2009,4
2009-05-01,36,46,63,29,45,57,43,22,47,40,US,2009,5
2009-06-01,31,49,54,21,42,54,31,21,44,40,US,2009,6
2009-07-01,32,50,52,36,42,57,31,22,48,44,US,2009,7
2009-08-01,32,50,53,24,44,55,32,25,47,43,US,2009,8
2009-09-01,36,46,51,23,43,51,41,23,45,41,US,2009,9
2009-10-01,44,44,56,28,41,51,48,22,47,43,US,2009,10
2009-11-01,43,48,53,26,39,53,48,24,47,40,US,2009,11
2009-12-01,35,45,47,19,37,49,39,24,41,40,US,2009,12
2010-01-01,33,45,47,19,39,49,38,24,43,38,US,2010,1
2010-02-01,42,46,54,23,40,53,48,23,48,43,US,2010,2
2010-03-01,43,51,54,21,45,52,46,23,52,48,US,2010,3
2010-04-01,42,51,55,25,42,52,46,20,44,44,US,2010,4
2010-05-01,34,45,48,22,37,46,37,16,41,44,US,2010,5
2010-06-01,30,46,44,17,39,48,31,18,46,40,US,2010,6
2010-07-01,28,47,44,18,33,51,28,19,45,35,US,2010,7
2010-08-01,31,51,46,17,38,52,29,19,46,36,US,2010,8
2010-09-01,36,43,46,18,35,52,38,16,44,39,US,2010,9
2010-10-01,36,42,46,21,35,54,43,16,46,40,US,2010,10
2010-11-01,38,44,44,23,33,52,41,17,42,38,US,2010,11
2010-12-01,31,44,38,20,29,50,33,17,38,37,US,2010,12
2011-01-01,36,45,50,26,35,65,36,15,46,41,US,2011,1
2011-02-01,42,47,50,30,34,65,46,15,44,40,US,2011,2
2011-03-01,40,46,51,30,41,65,40,15,44,42,US,2011,3
2011-04-01,46,48,58,36,37,70,39,15,47,46,US,2011,4
2011-05-01,39,47,47,31,35,62,36,15,44,38,US,2011,5
2011-06-01,32,45,48,23,34,60,29,14,45,39,US,2011,6
2011-07-01,31,45,48,40,37,71,28,12,47,38,US,2011,7
2011-08-01,33,44,44,28,35,62,29,12,44,37,US,2011,8
2011-09-01,41,46,52,32,31,61,38,11,44,39,US,2011,9
2011-10-01,41,43,47,20,33,67,41,11,42,41,US,2011,10
2011-11-01,41,41,44,21,29,59,42,11,42,40,US,2011,11
2011-12-01,34,40,41,20,26,61,34,13,41,36,US,2011,12
2012-01-01,37,44,45,24,32,66,37,12,43,38,US,2012,1
2012-02-01,42,43,47,21,33,65,43,10,43,42,US,2012,2
2012-03-01,39,45,47,21,32,62,39,9,44,38,US,2012,3
2012-04-01,43,45,48,28,32,65,42,10,45,39,US,2012,4
2012-05-01,36,43,44,29,32,61,34,9,40,38,US,2012,5
2012-06-01,31,42,38,22,28,58,25,9,44,34,US,2012,6
2012-07-01,28,39,39,20,28,56,24,12,43,36,US,2012,7
2012-08-01,30,43,38,37,30,64,25,10,44,38,US,2012,8
2012-09-01,39,40,40,34,31,63,39,10,43,37,US,2012,9
2012-10-01,38,42,42,29,31,64,43,9,45,41,US,2012,10
2012-11-01,33,38,41,20,27,59,40,9,45,37,US,2012,11
2012-12-01,32,41,37,24,27,62,34,10,47,36,US,2012,12
2013-01-01,30,37,36,21,26,57,38,9,44,33,US,2013,1
2013-02-01,38,42,39,24,28,66,45,9,49,38,US,2013,2
2013-03-01,40,40,39,22,29,66,39,9,43,34,US,2013,3
2013-04-01,38,40,44,23,30,62,39,9,41,36,US,2013,4
2013-05-01,33,39,38,27,28,58,34,8,37,34,US,2013,5
2013-06-01,30,38,35,27,26,58,25,9,41,32,US,2013,6
2013-07-01,28,36,35,23,26,62,25,8,42,32,US,2013,7
2013-08-01,31,39,36,21,27,60,24,8,43,31,US,2013,8
2013-09-01,34,37,34,22,29,56,34,8,40,33,US,2013,9
2013-10-01,39,42,39,21,29,57,41,8,44,35,US,2013,10
2013-11-01,37,38,37,24,26,59,46,9,39,29,US,2013,11
2013-12-01,31,35,34,22,23,58,34,8,37,32,US,2013,12
2014-01-01,31,41,37,24,27,58,38,9,43,31,US,2014,1
2014-02-01,35,40,39,21,28,57,40,8,41,35,US,2014,2
2014-03-01,36,40,37,23,26,55,39,8,39,35,US,2014,3
2014-04-01,40,42,41,24,28,60,38,9,40,36,US,2014,4
2014-05-01,34,39,40,22,28,55,37,8,39,30,US,2014,5
2014-06-01,31,37,36,19,24,52,26,8,40,29,US,2014,6
2014-07-01,27,39,33,21,24,52,22,8,40,30,US,2014,7
2014-08-01,30,40,32,21,25,54,21,9,41,28,US,2014,8
2014-09-01,35,40,32,18,26,50,33,8,38,30,US,2014,9
2014-10-01,37,39,37,24,26,56,37,8,39,35,US,2014,10
2014-11-01,36,33,31,22,23,50,35,8,36,33,US,2014,11
2014-12-01,33,35,30,26,21,52,31,8,35,34,US,2014,12
2015-01-01,32,37,31,19,21,49,32,8,34,30,US,2015,1
2015-02-01,38,38,32,21,23,48,42,7,39,31,US,2015,2
2015-03-01,33,39,37,18,23,49,36,8,37,30,US,2015,3
2015-04-01,40,41,38,22,25,52,33,7,38,33,US,2015,4
2015-05-01,31,35,36,20,23,47,28,6,34,29,US,2015,5
2015-06-01,29,38,30,20,21,44,21,6,33,29,US,2015,6
2015-07-01,28,41,31,21,22,45,18,6,36,24,US,2015,7
2015-08-01,27,39,30,19,22,46,19,6,34,25,US,2015,8
2015-09-01,35,35,31,21,23,48,30,5,35,29,US,2015,9
2015-10-01,34,35,32,18,22,50,36,5,34,29,US,2015,10
2015-11-01,33,33,30,17,20,43,33,5,33,28,US,2015,11
2015-12-01,32,35,31,20,21,46,30,5,35,31,US,2015,12
2016-01-01,36,43,35,25,23,54,40,5,47,33,US,2016,1
2016-02-01,45,47,44,27,26,63,51,5,50,35,US,2016,2
2016-03-01,47,44,39,21,26,54,42,5,50,34,US,2016,3
2016-04-01,47,44,43,27,26,56,42,5,44,35,US,2016,4
2016-05-01,43,45,44,24,27,59,38,5,46,35,US,2016,5
2016-06-01,37,43,36,20,24,54,24,6,47,35,US,2016,6
2016-07-01,32,40,35,21,23,54,23,5,49,32,US,2016,7
2016-08-01,32,45,36,19,24,55,25,5,52,31,US,2016,8
2016-09-01,43,45,37,28,26,59,37,5,49,30,US,2016,9
2016-10-01,47,44,41,26,27,56,42,5,50,36,US,2016,10
2016-11-01,49,42,37,27,24,53,41,5,44,37,US,2016,11
2016-12-01,48,43,34,22,21,60,37,5,46,34,US,2016,12
2017-01-01,45,48,39,25,25,63,47,5,47,33,US,2017,1
2017-02-01,53,45,40,28,26,59,49,5,49,35,US,2017,2
2017-03-01,52,46,39,24,26,61,47,4,54,38,US,2017,3
2017-04-01,58,45,40,25,26,59,44,5,51,37,US,2017,4
2017-05-01,49,49,41,27,27,57,38,5,49,35,US,2017,5
2017-06-01,44,48,39,24,25,59,28,5,46,33,US,2017,6
2017-07-01,43,51,35,24,23,59,25,5,49,31,US,2017,7
2017-08-01,45,47,37,26,25,61,27,5,48,33,US,2017,8
2017-09-01,54,45,42,24,28,58,39,5,47,33,US,2017,9
2017-10-01,59,45,39,22,28,60,42,4,46,37,US,2017,10
2017-11-01,58,46,37,27,24,63,43,4,42,33,US,2017,11
2017-12-01,51,47,34,31,22,72,36,4,45,31,US,2017,12
2018-01-01,51,49,39,29,25,66,44,5,47,32,US,2018,1
2018-02-01,58,47,36,45,25,60,48,4,43,32,US,2018,2
2018-03-01,55,47,40,26,27,65,46,4,44,34,US,2018,3
2018-04-01,59,47,38,26,24,59,43,4,41,33,US,2018,4
2018-05-01,53,45,45,29,24,60,37,4,43,33,US,2018,5
2018-06-01,44,45,33,20,21,57,26,5,41,30,US,2018,6
2018-07-01,44,45,32,22,21,55,23,4,39,31,US,2018,7
2018-08-01,44,46,34,22,23,61,25,4,44,29,US,2018,8
2018-09-01,52,46,35,26,24,58,36,4,40,28,US,2018,9
2018-10-01,54,46,36,30,26,59,40,4,39,31,US,2018,10
2018-11-01,55,45,34,24,24,57,44,4,40,33,US,2018,11
2018-12-01,47,48,32,28,21,57,34,4,39,28,US,2018,12
2019-01-01,47,50,33,27,24,60,41,4,42,30,US,2019,1
2019-02-01,56,48,42,28,24,62,48,4,41,34,US,2019,2
2019-03-01,52,46,34,28,21,60,42,4,42,32,US,2019,3
2019-04-01,57,49,42,27,26,64,40,4,42,34,US,2019,4
2019-05-01,44,48,41,25,22,54,31,3,37,33,US,2019,5
2019-06-01,42,53,32,22,20,52,23,4,36,31,US,2019,6
2019-07-01,42,51,35,34,20,56,23,4,38,28,US,2019,7
2019-08-01,42,45,35,23,23,58,23,4,43,28,US,2019,8
2019-09-01,54,45,37,22,24,60,36,4,41,31,US,2019,9
2019-10-01,54,48,39,22,25,60,38,3,44,32,US,2019,10
2019-11-01,50,45,38,21,22,55,37,4,43,32,US,2019,11
2019-12-01,41,43,33,21,21,56,29,3,36,31,US,2019,12
2020-01-01,45,53,39,27,22,66,36,4,44,33,US,2020,1
2020-02-01,50,50,35,25,23,62,42,4,40,33,US,2020,2
2020-03-01,43,43,34,21,21,57,33,6,36,27,US,2020,3
2020-04-01,52,49,39,22,24,51,36,5,39,32,US,2020,4
2020-05-01,48,57,43,85,22,54,33,5,41,31,US,2020,5
2020-06-01,44,51,37,29,20,53,24,4,41,32,US,2020,6
2020-07-01,44,50,36,25,23,61,25,4,43,34,US,2020,7
2020-08-01,41,49,34,27,20,51,24,4,41,29,US,2020,8
2020-09-01,50,53,38,24,23,53,33,4,43,32,US,2020,9
2020-10-01,43,47,35,29,18,52,31,4,39,30,US,2020,10
2020-11-01,37,43,33,28,15,49,28,3,36,27,US,2020,11
2020-12-01,35,52,35,24,17,52,29,4,39,28,US,2020,12
2005-01-01,76,81,77,27,91,87,0,74,81,79,CN,2005,1
2005-02-01,43,67,60,24,56,67,0,69,52,45,CN,2005,2
2005-03-01,100,100,99,35,100,97,0,79,100,92,CN,2005,3
2005-04-01,100,99,98,29,97,99,0,76,96,100,CN,2005,4
2005-05-01,85,84,87,24,87,91,0,69,86,82,CN,2005,5
2005-06-01,87,98,91,24,93,92,0,68,89,89,CN,2005,6
2005-07-01,68,100,93,31,91,100,0,74,80,84,CN,2005,7
2005-08-01,52,98,95,30,82,100,0,66,81,81,CN,2005,8
2005-09-01,70,84,88,26,74,92,0,55,75,75,CN,2005,9
2005-10-01,82,74,84,100,67,78,0,53,64,64,CN,2005,10
2005-11-01,89,87,86,39,90,89,0,57,76,71,CN,2005,11
2005-12-01,82,80,94,28,81,81,0,55,74,72,CN,2005,12
2006-01-01,51,57,64,16,53,59,0,47,50,45,CN,2006,1
2006-02-01,58,73,80,19,61,80,0,50,62,58,CN,2006,2
2006-03-01,82,88,88,21,80,82,0,57,76,80,CN,2006,3
2006-04-01,80,81,87,20,77,85,0,57,70,78,CN,2006,4
2006-05-01,71,74,79,17,61,79,0,52,65,67,CN,2006,5
2006-06-01,74,86,78,19,68,85,0,56,68,68,CN,2006,6
2006-07-01,64,90,80,21,69,86,0,69,66,66,CN,2006,7
2006-08-01,56,84,82,18,67,81,0,93,63,69,CN,2006,8
2006-09-01,69,74,76,20,65,73,0,89,61,63,CN,2006,9
2006-10-01,63,62,69,17,54,65,0,77,48,48,CN,2006,10
2006-11-01,66,62,71,16,54,63,0,74,52,58,CN,2006,11
2006-12-01,85,70,75,19,63,65,0,100,57,61,CN,2006,12
2007-01-01,62,64,62,17,52,63,0,87,49,53,CN,2007,1
2007-02-01,37,45,48,14,34,50,0,63,32,32,CN,2007,2
2007-03-01,79,80,78,17,58,69,0,75,57,59,CN,2007,3
2007-04-01,77,77,83,19,65,75,0,78,63,63,CN,2007,4
2007-05-01,61,69,76,14,53,68,0,71,52,53,CN,2007,5
2007-06-01,62,73,90,14,55,76,0,73,58,59,CN,2007,6
2007-07-01,53,80,84,14,57,80,0,74,55,59,CN,2007,7
2007-08-01,52,83,80,16,58,91,0,68,58,64,CN,2007,8
2007-09-01,52,63,77,14,51,70,0,58,49,51,CN,2007,9
2007-10-01,52,57,82,41,47,70,0,59,44,46,CN,2007,10
2007-11-01,57,64,89,43,64,74,0,57,55,53,CN,2007,11
2007-12-01,57,57,89,24,69,68,0,66,53,58,CN,2007,12
2008-01-01,47,51,68,12,56,61,0,50,41,44,CN,2008,1
2008-02-01,32,42,65,13,46,59,0,41,32,34,CN,2008,2
2008-03-01,54,60,96,14,62,73,0,51,56,55,CN,2008,3
2008-04-01,56,56,88,10,65,69,0,49,52,54,CN,2008,4
2008-05-01,56,55,84,11,62,72,0,49,55,51,CN,2008,5
2008-06-01,46,53,95,10,57,68,0,54,47,47,CN,2008,6
2008-07-01,43,59,95,10,62,64,0,47,50,50,CN,2008,7
2008-08-01,35,59,84,9,58,72,0,42,45,50,CN,2008,8
2008-09-01,42,48,84,77,51,64,0,33,40,42,CN,2008,9
2008-10-01,44,51,100,30,62,72,0,39,46,43,CN,2008,10
2008-11-01,45,48,90,16,63,68,0,38,52,43,CN,2008,11
2008-12-01,59,48,95,15,75,68,0,36,53,45,CN,2008,12
2009-01-01,29,28,63,7,39,48,0,23,27,23,CN,2009,1
2009-02-01,41,46,90,11,51,60,0,28,47,36,CN,2009,2
2009-03-01,59,51,97,13,55,65,0,28,52,44,CN,2009,3
2009-04-01,57,51,93,11,55,71,0,27,55,44,CN,2009,4
2009-05-01,52,43,84,9,50,68,0,27,52,42,CN,2009,5
2009-06-01,47,46,88,9,47,63,0,25,44,40,CN,2009,6
2009-07-01,37,44,80,9,47,58,0,28,44,41,CN,2009,7
2009-08-01,33,42,85,8,44,62,0,32,43,39,CN,2009,8
2009-09-01,41,39,86,12,44,55,0,34,41,34,CN,2009,9
2009-10-01,40,34,78,10,37,49,0,32,32,30,CN,2009,10
2009-11-01,45,42,90,9,47,56,0,30,42,36,CN,2009,11
2009-12-01,48,40,90,9,48,57,0,22,43,38,CN,2009,12
2010-01-01,39,35,81,8,41,45,0,18,34,33,CN,2010,1
2010-02-01,20,25,57,5,26,38,0,15,19,21,CN,2010,2
2010-03-01,46,37,78,8,42,49,0,16,40,35,CN,2010,3
2010-04-01,45,33,67,6,36,43,0,14,29,31,CN,2010,4
2010-05-01,42,33,62,6,33,46,0,13,30,29,CN,2010,5
2010-06-01,35,31,68,7,32,42,0,11,30,26,CN,2010,6
2010-07-01,28,30,54,5,30,39,0,10,23,24,CN,2010,7
2010-08-01,25,26,48,6,29,38,0,9,21,22,CN,2010,8
2010-09-01,29,24,47,7,25,36,0,9,20,19,CN,2010,9
2010-10-01,30,21,42,15,20,31,0,8,18,17,CN,2010,10
2010-11-01,38,21,44,7,24,27,0,12,19,18,CN,2010,11
2010-12-01,34,19,39,4,23,22,0,6,16,16,CN,2010,12
2011-01-01,28,21,42,5,23,34,0,7,17,18,CN,2011,1
2011-02-01,24,21,37,4,18,36,0,7,15,16,CN,2011,2
2011-03-01,38,26,60,6,27,37,0,6,27,24,CN,2011,3
2011-04-01,39,28,52,6,26,35,0,7,24,26,CN,2011,4
2011-05-01,36,26,56,5,26,39,0,6,25,26,CN,2011,5
2011-06-01,32,25,44,5,25,33,0,6,23,23,CN,2011,6
2011-07-01,30,29,42,5,25,35,0,6,22,24,CN,2011,7
2011-08-01,25,28,44,6,25,38,0,6,22,26,CN,2011,8
2011-09-01,29,36,48,18,22,39,0,7,21,24,CN,2011,9
2011-10-01,29,25,41,12,18,36,0,7,19,19,CN,2011,10
2011-11-01,33,26,42,12,19,43,0,6,19,21,CN,2011,11
2011-12-01,34,23,41,6,20,38,0,6,20,19,CN,2011,12
2012-01-01,18,17,27,4,12,29,0,5,10,10,CN,2012,1
2012-02-01,27,27,41,5,17,39,0,6,18,17,CN,2012,2
2012-03-01,33,29,43,7,21,42,0,6,22,19,CN,2012,3
2012-04-01,32,28,44,16,21,50,0,6,22,19,CN,2012,4
2012-05-01,31,28,45,7,20,47,0,6,24,19,CN,2012,5
2012-06-01,27,29,40,37,18,46,0,6,22,16,CN,2012,6
2012-07-01,25,32,43,9,18,45,0,7,20,19,CN,2012,7
2012-08-01,23,29,48,7,17,35,0,6,16,15,CN,2012,8
2012-09-01,29,12,19,3,13,15,0,3,9,10,CN,2012,9
2012-10-01,25,10,14,2,9,12,0,2,8,7,CN,2012,10
2012-11-01,24,7,13,2,8,10,0,2,7,7,CN,2012,11
2012-12-01,26,8,12,2,9,11,0,2,7,6,CN,2012,12
2013-01-01,22,7,10,2,7,10,77,2,6,5,CN,2013,1
2013-02-01,14,6,9,2,5,11,57,2,4,4,CN,2013,2
2013-03-01,26,9,13,2,9,11,99,2,7,7,CN,2013,3
2013-04-01,24,9,11,2,9,12,86,2,7,7,CN,2013,4
2013-05-01,25,9,13,2,9,12,92,3,7,7,CN,2013,5
2013-06-01,22,8,12,5,8,13,86,2,7,6,CN,2013,6
2013-07-01,21,9,11,2,9,13,78,3,7,6,CN,2013,7
2013-08-01,20,9,12,2,9,13,73,3,7,7,CN,2013,8
2013-09-01,21,7,11,2,8,10,76,2,6,6,CN,2013,9
2013-10-01,21,7,11,2,8,11,79,3,6,5,CN,2013,10
2013-11-01,25,8,11,2,9,11,90,2,6,6,CN,2013,11
2013-12-01,24,8,12,3,9,11,86,2,6,6,CN,2013,12
2014-01-01,19,9,9,2,7,10,68,2,5,5,CN,2014,1
2014-02-01,20,9,9,2,6,9,69,2,5,5,CN,2014,2
2014-03-01,25,9,10,2,9,10,100,3,6,6,CN,2014,3
2014-04-01,24,9,10,2,9,10,84,2,6,6,CN,2014,4
2014-05-01,25,9,10,2,8,10,79,2,6,6,CN,2014,5
2014-06-01,6,1,2,0,1,2,12,0,1,1,CN,2014,6
2014-07-01,5,1,1,0,1,1,9,0,1,1,CN,2014,7
2014-08-01,5,1,1,0,1,1,8,0,0,0,CN,2014,8
2014-09-01,5,0,1,0,1,1,9,0,1,0,CN,2014,9
2014-10-01,5,0,1,0,1,1,9,0,0,0,CN,2014,10
2014-11-01,6,0,1,0,1,0,8,0,0,0,CN,2014,11
2014-12-01,6,0,1,0,1,0,8,0,1,0,CN,2014,12
2015-01-01,4,0,1,0,1,0,5,0,0,0,CN,2015,1
2015-02-01,2,0,0,0,0,0,3,0,0,0,CN,2015,2
2015-03-01,4,0,0,0,1,0,5,0,0,0,CN,2015,3
2015-04-01,3,0,0,0,1,0,3,0,0,0,CN,2015,4
2015-05-01,3,0,0,0,1,0,4,0,0,0,CN,2015,5
2015-06-01,2,0,0,0,1,0,3,0,0,0,CN,2015,6
2015-07-01,2,0,0,0,1,0,4,0,0,0,CN,2015,7
2015-08-01,3,0,0,0,1,0,4,0,0,0,CN,2015,8
2015-09-01,4,0,0,0,1,0,6,0,0,0,CN,2015,9
2015-10-01,3,0,0,0,1,0,5,0,0,0,CN,2015,10
2015-11-01,4,0,0,0,1,0,6,0,0,0,CN,2015,11
2015-12-01,4,0,0,0,1,0,6,0,0,0,CN,2015,12
2016-01-01,7,0,1,0,1,0,9,0,0,0,CN,2016,1
2016-02-01,4,0,0,0,1,0,6,0,0,0,CN,2016,2
2016-03-01,10,0,1,0,1,0,12,0,0,0,CN,2016,3
2016-04-01,9,0,1,0,1,0,10,0,0,0,CN,2016,4
2016-05-01,8,0,1,0,1,0,9,0,0,0,CN,2016,5
2016-06-01,7,0,1,0,1,0,8,0,1,0,CN,2016,6
2016-07-01,8,0,1,0,2,0,10,0,0,0,CN,2016,7
2016-08-01,8,0,1,0,2,0,9,0,0,0,CN,2016,8
2016-09-01,9,0,1,0,2,0,9,0,1,0,CN,2016,9
2016-10-01,9,0,1,0,2,0,8,0,0,0,CN,2016,10
2016-11-01,10,0,1,0,2,0,7,0,0,0,CN,2016,11
2016-12-01,12,0,1,0,2,0,10,0,1,0,CN,2016,12
2017-01-01,8,0,1,0,1,0,7,0,0,0,CN,2017,1
2017-02-01,8,0,1,0,1,0,9,0,0,0,CN,2017,2
2017-03-01,11,0,1,0,1,0,12,0,1,0,CN,2017,3
2017-04-01,11,0,1,0,2,0,11,0,0,0,CN,2017,4
2017-05-01,11,0,1,0,2,1,11,0,1,0,CN,2017,5
2017-06-01,12,0,1,0,2,1,11,0,1,0,CN,2017,6
2017-07-01,11,0,1,0,2,1,11,0,1,0,CN,2017,7
2017-08-01,11,0,1,0,2,1,10,0,1,0,CN,2017,8
2017-09-01,13,0,1,0,2,1,11,0,1,0,CN,2017,9
2017-10-01,9,0,1,0,1,0,8,0,0,0,CN,2017,10
2017-11-01,12,0,1,0,1,1,11,0,1,0,CN,2017,11
2017-12-01,13,0,1,0,1,1,11,0,1,0,CN,2017,12
2018-01-01,12,0,1,0,1,1,10,0,0,0,CN,2018,1
2018-02-01,7,0,1,0,1,1,6,0,0,0,CN,2018,2
2018-03-01,15,0,1,0,2,1,12,0,1,0,CN,2018,3
2018-04-01,15,0,1,0,2,1,14,0,1,0,CN,2018,4
2018-05-01,16,0,1,0,2,1,14,0,1,1,CN,2018,5
2018-06-01,14,0,1,0,2,1,12,0,1,1,CN,2018,6
2018-07-01,15,0,1,0,2,1,13,0,1,0,CN,2018,7
2018-08-01,14,0,1,0,2,1,13,0,1,0,CN,2018,8
2018-09-01,16,1,1,0,2,1,15,0,1,1,CN,2018,9
2018-10-01,15,0,1,0,2,1,15,0,1,1,CN,2018,10
2018-11-01,17,1,1,0,2,1,21,0,1,1,CN,2018,11
2018-12-01,18,1,1,0,2,1,18,0,1,1,CN,2018,12
2019-01-01,14,0,1,1,2,1,14,0,1,1,CN,2019,1
2019-02-01,9,0,1,0,1,1,11,0,0,0,CN,2019,2
2019-03-01,15,0,1,0,2,1,17,0,1,1,CN,2019,3
2019-04-01,15,0,1,0,2,1,16,0,1,1,CN,2019,4
2019-05-01,15,0,1,0,2,1,14,0,1,1,CN,2019,5
2019-06-01,13,0,1,0,2,1,13,0,1,0,CN,2019,6
2019-07-01,13,0,1,0,2,1,10,0,1,1,CN,2019,7
2019-08-01,12,0,1,0,2,1,10,0,0,0,CN,2019,8
2019-09-01,8,0,1,0,2,1,9,0,1,0,CN,2019,9
2019-10-01,8,0,1,0,1,1,8,0,1,0,CN,2019,10
2019-11-01,9,0,1,0,1,1,9,0,1,0,CN,2019,11
2019-12-01,8,0,1,0,1,1,8,0,1,0,CN,2019,12
2020-01-01,5,0,1,0,1,1,8,0,0,0,CN,2020,1
2020-02-01,4,0,0,0,1,0,4,0,0,0,CN,2020,2
2020-03-01,5,0,0,0,1,0,5,0,0,0,CN,2020,3
2020-04-01,5,0,1,0,1,0,6,0,0,0,CN,2020,4
2020-05-01,6,0,1,0,1,0,7,0,0,0,CN,2020,5
2020-06-01,6,0,1,0,1,0,7,0,0,0,CN,2020,6
2020-07-01,9,0,1,0,1,1,11,0,1,0,CN,2020,7
2020-08-01,7,0,1,0,1,0,8,0,0,0,CN,2020,8
2020-09-01,7,0,1,0,1,0,8,0,0,0,CN,2020,9
2020-10-01,6,0,1,0,1,0,8,0,0,0,CN,2020,10
2020-11-01,8,0,1,0,1,1,9,0,0,0,CN,2020,11
2020-12-01,7,0,1,0,1,1,9,0,0,0,CN,2020,12
2005-01-01,98,86,18,61,94,79,84,100,97,73,JP,2005,1
2005-02-01,83,80,17,73,100,82,83,92,100,74,JP,2005,2
2005-03-01,67,76,16,58,89,87,65,84,96,70,JP,2005,3
2005-04-01,78,79,16,50,92,81,79,100,100,76,JP,2005,4
2005-05-01,85,84,16,50,85,72,89,100,90,82,JP,2005,5
2005-06-01,100,92,18,52,100,76,100,85,98,90,JP,2005,6
2005-07-01,87,100,19,100,92,78,98,91,98,100,JP,2005,7
2005-08-01,74,84,17,89,85,71,80,85,91,74,JP,2005,8
2005-09-01,69,77,16,54,79,68,76,73,85,64,JP,2005,9
2005-10-01,78,77,15,52,77,69,77,78,83,85,JP,2005,10
2005-11-01,76,83,18,60,83,75,76,79,89,74,JP,2005,11
2005-12-01,71,74,14,48,70,61,68,69,73,55,JP,2005,12
2006-01-01,61,77,14,51,66,66,75,71,73,67,JP,2006,1
2006-02-01,55,83,16,53,73,79,72,63,77,67,JP,2006,2
2006-03-01,48,70,13,41,76,72,53,70,73,56,JP,2006,3
2006-04-01,58,72,15,38,70,76,65,64,76,64,JP,2006,4
2006-05-01,64,61,15,39,70,72,74,58,70,67,JP,2006,5
2006-06-01,68,76,17,41,81,86,75,56,83,77,JP,2006,6
2006-07-01,75,82,16,51,75,79,80,64,86,67,JP,2006,7
2006-08-01,53,80,15,43,68,83,63,61,72,58,JP,2006,8
2006-09-01,53,68,15,47,66,80,59,63,74,55,JP,2006,9
2006-10-01,54,63,13,34,64,72,66,58,68,60,JP,2006,10
2006-11-01,53,65,13,34,61,77,58,56,73,54,JP,2006,11
2006-12-01,51,65,12,46,63,71,54,63,72,58,JP,2006,12
2007-01-01,50,61,15,35,59,63,60,65,66,51,JP,2007,1
2007-02-01,49,68,14,42,64,81,53,62,73,52,JP,2007,2
2007-03-01,39,64,12,34,62,76,41,54,69,52,JP,2007,3
2007-04-01,45,66,14,51,61,66,53,50,67,54,JP,2007,4
2007-05-01,48,60,14,32,64,69,69,53,75,57,JP,2007,5
2007-06-01,53,69,16,36,66,75,69,51,84,55,JP,2007,6
2007-07-01,55,70,15,36,66,69,65,50,75,61,JP,2007,7
2007-08-01,46,73,14,37,60,70,56,55,69,54,JP,2007,8
2007-09-01,39,60,13,43,57,63,48,48,64,48,JP,2007,9
2007-10-01,47,60,14,45,62,71,58,45,73,54,JP,2007,10
2007-11-01,45,60,12,54,61,66,58,43,69,53,JP,2007,11
2007-12-01,47,58,13,31,59,65,54,45,66,49,JP,2007,12
2008-01-01,43,55,13,34,54,60,57,45,64,46,JP,2008,1
2008-02-01,37,60,14,39,57,66,53,46,71,50,JP,2008,2
2008-03-01,34,54,12,47,49,63,42,42,65,45,JP,2008,3
2008-04-01,38,54,12,32,51,62,51,40,63,47,JP,2008,4
2008-05-01,44,52,13,35,52,62,57,44,66,47,JP,2008,5
2008-06-01,45,59,15,40,55,60,63,41,67,51,JP,2008,6
2008-07-01,48,60,15,31,54,60,60,41,71,52,JP,2008,7
2008-08-01,33,53,14,29,48,59,42,42,62,45,JP,2008,8
2008-09-01,32,46,12,28,45,54,45,40,62,43,JP,2008,9
2008-10-01,36,52,12,31,48,56,55,39,63,45,JP,2008,10
2008-11-01,35,48,12,27,41,53,47,38,53,44,JP,2008,11
2008-12-01,33,50,12,27,45,50,43,42,58,41,JP,2008,12
2009-01-01,35,47,11,35,41,53,48,35,50,35,JP,2009,1
2009-02-01,32,48,13,31,47,58,46,37,59,43,JP,2009,2
2009-03-01,25,48,12,42,44,56,35,35,51,36,JP,2009,3
2009-04-01,32,48,13,31,47,57,45,38,59,39,JP,2009,4
2009-05-01,32,43,12,25,40,55,46,40,51,38,JP,2009,5
2009-06-01,35,51,14,32,45,56,50,32,59,42,JP,2009,6
2009-07-01,33,50,14,38,43,54,49,33,63,40,JP,2009,7
2009-08-01,28,46,13,33,38,51,48,31,50,35,JP,2009,8
2009-09-01,28,43,11,42,36,47,38,32,49,35,JP,2009,9
2009-10-01,31,41,12,28,40,51,41,32,50,37,JP,2009,10
2009-11-01,32,45,13,31,36,53,43,32,47,34,JP,2009,11
2009-12-01,25,36,10,27,34,42,38,30,48,34,JP,2009,12
2010-01-01,30,39,11,22,34,47,37,32,42,33,JP,2010,1
2010-02-01,26,43,11,23,35,46,39,29,49,36,JP,2010,2
2010-03-01,24,41,12,27,36,47,32,29,45,34,JP,2010,3
2010-04-01,28,40,12,33,36,48,41,26,51,34,JP,2010,4
2010-05-01,26,39,12,32,33,48,43,24,46,37,JP,2010,5
2010-06-01,32,44,13,75,39,51,45,21,51,37,JP,2010,6
2010-07-01,28,40,12,29,34,52,44,22,49,34,JP,2010,7
2010-08-01,24,38,11,25,31,50,34,25,41,32,JP,2010,8
2010-09-01,23,36,10,25,28,47,33,23,43,31,JP,2010,9
2010-10-01,23,37,10,24,29,54,37,21,45,31,JP,2010,10
2010-11-01,26,39,10,27,28,52,36,20,45,32,JP,2010,11
2010-12-01,23,37,8,32,28,50,31,19,37,28,JP,2010,12
2011-01-01,24,40,10,35,29,56,33,22,42,33,JP,2011,1
2011-02-01,24,43,10,30,32,60,38,19,48,35,JP,2011,2
2011-03-01,16,44,17,30,29,57,26,17,49,30,JP,2011,3
2011-04-01,30,46,17,29,32,60,36,19,50,36,JP,2011,4
2011-05-01,28,43,15,27,29,57,42,19,46,32,JP,2011,5
2011-06-01,29,48,16,34,34,59,45,19,54,39,JP,2011,6
2011-07-01,27,48,16,38,32,60,47,20,52,37,JP,2011,7
2011-08-01,21,41,13,33,30,60,37,20,45,32,JP,2011,8
2011-09-01,19,44,12,53,29,64,34,19,43,32,JP,2011,9
2011-10-01,24,38,11,30,27,62,38,20,40,31,JP,2011,10
2011-11-01,25,40,11,28,27,65,37,17,43,33,JP,2011,11
2011-12-01,20,41,9,30,25,62,31,17,45,32,JP,2011,12
2012-01-01,22,40,11,29,24,65,39,17,45,32,JP,2012,1
2012-02-01,19,43,11,29,29,70,38,18,46,33,JP,2012,2
2012-03-01,21,39,10,27,28,68,30,17,42,30,JP,2012,3
2012-04-01,23,43,13,35,26,81,41,21,43,33,JP,2012,4
2012-05-01,23,46,14,35,25,85,48,17,45,34,JP,2012,5
2012-06-01,24,46,15,31,28,79,48,16,45,34,JP,2012,6
2012-07-01,23,44,14,33,26,74,47,16,46,31,JP,2012,7
2012-08-01,17,41,13,34,28,72,38,15,42,29,JP,2012,8
2012-09-01,20,44,13,31,25,82,37,19,43,31,JP,2012,9
2012-10-01,21,44,12,31,25,88,63,19,43,35,JP,2012,10
2012-11-01,23,43,12,27,25,83,45,17,42,33,JP,2012,11
2012-12-01,24,40,12,34,25,91,44,17,42,32,JP,2012,12
2013-01-01,20,38,10,32,20,77,39,15,39,28,JP,2013,1
2013-02-01,21,42,11,31,25,87,44,17,42,30,JP,2013,2
2013-03-01,17,41,11,27,24,100,32,14,41,27,JP,2013,3
2013-04-01,20,42,11,30,22,87,41,16,41,27,JP,2013,4
2013-05-01,23,47,12,31,24,88,47,15,42,33,JP,2013,5
2013-06-01,26,43,12,31,24,90,50,17,45,34,JP,2013,6
2013-07-01,25,44,13,37,25,88,51,15,44,33,JP,2013,7
2013-08-01,19,42,12,46,23,91,39,15,44,28,JP,2013,8
2013-09-01,20,39,11,42,22,82,36,14,47,28,JP,2013,9
2013-10-01,24,40,11,29,22,82,46,14,44,31,JP,2013,10
2013-11-01,23,41,12,56,23,85,43,14,44,29,JP,2013,11
2013-12-01,21,42,12,44,21,83,40,15,43,29,JP,2013,12
2014-01-01,22,40,10,39,22,90,55,17,43,28,JP,2014,1
2014-02-01,22,39,12,31,21,83,54,15,44,28,JP,2014,2
2014-03-01,21,39,12,31,23,85,56,16,39,26,JP,2014,3
2014-04-01,23,39,15,29,23,89,65,16,44,29,JP,2014,4
2014-05-01,25,43,15,36,23,94,55,16,44,30,JP,2014,5
2014-06-01,24,42,13,28,22,87,51,14,45,30,JP,2014,6
2014-07-01,22,40,13,30,25,79,52,14,49,30,JP,2014,7
2014-08-01,20,40,13,36,22,76,43,14,45,27,JP,2014,8
2014-09-01,19,38,11,28,22,73,38,13,48,26,JP,2014,9
2014-10-01,23,36,11,33,23,74,38,13,43,27,JP,2014,10
2014-11-01,20,34,10,29,20,72,37,12,38,29,JP,2014,11
2014-12-01,20,36,11,33,21,79,42,12,40,26,JP,2014,12
2015-01-01,21,35,11,30,20,74,40,11,38,27,JP,2015,1
2015-02-01,20,36,11,29,21,92,38,12,43,28,JP,2015,2
2015-03-01,18,37,12,45,20,74,33,13,43,26,JP,2015,3
2015-04-01,20,39,12,29,22,76,41,12,47,29,JP,2015,4
2015-05-01,20,38,12,27,20,83,39,12,42,28,JP,2015,5
2015-06-01,23,41,15,30,23,87,45,14,50,30,JP,2015,6
2015-07-01,22,39,12,33,22,83,46,13,46,30,JP,2015,7
2015-08-01,18,38,36,40,20,88,38,13,44,25,JP,2015,8
2015-09-01,19,40,30,33,22,84,37,15,44,26,JP,2015,9
2015-10-01,21,40,29,46,22,84,41,13,55,28,JP,2015,10
2015-11-01,22,36,47,67,20,82,38,12,48,27,JP,2015,11
2015-12-01,23,38,57,62,20,85,43,14,44,29,JP,2015,12
2016-01-01,26,40,48,31,21,71,45,12,42,28,JP,2016,1
2016-02-01,26,41,51,41,26,89,45,14,52,32,JP,2016,2
2016-03-01,23,37,58,33,22,88,34,14,47,28,JP,2016,3
2016-04-01,25,38,54,30,23,86,39,14,47,27,JP,2016,4
2016-05-01,30,39,60,30,23,83,49,14,47,31,JP,2016,5
2016-06-01,30,43,63,35,25,80,48,14,51,32,JP,2016,6
2016-07-01,28,40,52,31,24,82,51,15,50,32,JP,2016,7
2016-08-01,23,36,44,28,21,72,39,12,43,27,JP,2016,8
2016-09-01,25,40,48,38,23,75,39,12,45,28,JP,2016,9
2016-10-01,27,40,75,35,22,82,46,11,45,27,JP,2016,10
2016-11-01,27,33,75,30,21,77,42,11,44,31,JP,2016,11
2016-12-01,27,34,100,33,21,84,60,13,41,27,JP,2016,12
2017-01-01,28,41,61,37,21,79,49,11,44,28,JP,2017,1
2017-02-01,28,39,67,33,22,83,48,12,47,28,JP,2017,2
2017-03-01,25,38,51,27,22,76,35,11,45,27,JP,2017,3
2017-04-01,30,45,52,32,23,83,42,13,47,30,JP,2017,4
2017-05-01,31,40,47,34,23,92,47,15,47,35,JP,2017,5
2017-06-01,34,42,51,37,25,90,53,13,53,34,JP,2017,6
2017-07-01,34,44,49,35,25,85,59,13,48,34,JP,2017,7
2017-08-01,27,43,46,37,23,88,45,13,50,30,JP,2017,8
2017-09-01,27,45,39,33,22,89,43,13,51,29,JP,2017,9
2017-10-01,31,41,47,31,24,81,42,13,49,31,JP,2017,10
2017-11-01,33,42,48,26,23,78,42,14,44,32,JP,2017,11
2017-12-01,27,39,60,31,22,73,39,13,45,32,JP,2017,12
2018-01-01,27,34,40,35,22,71,43,12,45,32,JP,2018,1
2018-02-01,24,38,40,28,22,77,37,10,43,28,JP,2018,2
2018-03-01,24,38,34,28,23,85,32,12,46,27,JP,2018,3
2018-04-01,24,35,31,29,21,71,36,12,43,26,JP,2018,4
2018-05-01,27,38,32,40,21,79,45,13,45,29,JP,2018,5
2018-06-01,28,38,26,32,22,75,45,12,44,29,JP,2018,6
2018-07-01,29,40,31,31,21,73,70,10,47,29,JP,2018,7
2018-08-01,23,38,30,30,20,70,66,11,44,26,JP,2018,8
2018-09-01,24,39,30,33,22,71,60,11,42,27,JP,2018,9
2018-10-01,25,37,29,46,21,74,48,10,44,28,JP,2018,10
2018-11-01,27,38,25,42,21,79,47,11,43,33,JP,2018,11
2018-12-01,24,39,25,39,20,72,43,11,39,29,JP,2018,12
2019-01-01,24,40,17,39,19,76,44,10,43,27,JP,2019,1
2019-02-01,23,40,18,34,21,87,41,9,44,27,JP,2019,2
2019-03-01,20,40,16,35,20,89,39,10,46,25,JP,2019,3
2019-04-01,26,38,15,32,22,86,40,10,47,29,JP,2019,4
2019-05-01,26,38,15,29,20,80,46,10,45,27,JP,2019,5
2019-06-01,30,41,18,27,21,83,47,10,45,28,JP,2019,6
2019-07-01,28,38,19,33,22,78,53,10,45,26,JP,2019,7
2019-08-01,31,38,17,28,18,73,40,10,39,25,JP,2019,8
2019-09-01,25,37,17,27,20,73,41,10,41,26,JP,2019,9
2019-10-01,25,39,21,27,22,80,42,10,48,26,JP,2019,10
2019-11-01,25,38,17,29,20,81,39,9,44,28,JP,2019,11
2019-12-01,23,37,17,27,19,78,41,10,43,26,JP,2019,12
2020-01-01,24,38,15,28,20,81,48,12,45,27,JP,2020,1
2020-02-01,23,37,17,27,20,82,41,13,46,26,JP,2020,2
2020-03-01,20,35,16,25,18,70,36,14,39,24,JP,2020,3
2020-04-01,20,38,14,30,16,77,40,16,38,25,JP,2020,4
2020-05-01,27,39,18,38,18,79,57,14,40,31,JP,2020,5
2020-06-01,29,40,16,34,20,76,56,11,45,27,JP,2020,6
2020-07-01,29,42,17,34,20,72,52,12,48,29,JP,2020,7
2020-08-01,23,36,14,34,18,82,50,11,38,26,JP,2020,8
2020-09-01,23,39,16,28,19,68,43,10,42,27,JP,2020,9
2020-10-01,21,34,14,27,16,66,43,9,43,25,JP,2020,10
2020-11-01,20,35,14,37,15,66,39,9,38,26,JP,2020,11
2020-12-01,20,39,14,29,15,70,40,10,38,30,JP,2020,12
2005-01-01,95,100,67,78,100,77,100,100,94,91,DE,2005,1
2005-02-01,91,99,61,60,92,89,86,86,95,100,DE,2005,2
2005-03-01,80,91,56,45,87,66,77,83,82,80,DE,2005,3
2005-04-01,84,100,67,48,85,68,84,67,88,86,DE,2005,4
2005-05-01,97,88,60,45,81,64,70,64,78,77,DE,2005,5
2005-06-01,100,90,76,48,95,67,76,64,86,84,DE,2005,6
2005-07-01,88,91,66,97,90,67,68,67,84,73,DE,2005,7
2005-08-01,65,93,71,100,82,67,67,69,80,75,DE,2005,8
2005-09-01,76,85,100,46,83,65,72,62,82,76,DE,2005,9
2005-10-01,73,80,72,48,74,53,67,63,74,70,DE,2005,10
2005-11-01,88,90,73,50,90,65,89,73,93,77,DE,2005,11
2005-12-01,67,72,52,40,76,55,65,71,66,71,DE,2005,12
2006-01-01,83,84,74,46,80,73,89,73,86,81,DE,2006,1
2006-02-01,76,83,74,48,81,74,89,83,91,83,DE,2006,2
2006-03-01,70,90,77,45,76,76,95,67,100,86,DE,2006,3
2006-04-01,65,76,69,37,67,68,63,56,79,67,DE,2006,4
2006-05-01,73,76,72,36,69,75,73,48,89,69,DE,2006,5
2006-06-01,71,81,65,36,72,69,67,57,80,69,DE,2006,6
2006-07-01,71,78,65,53,73,82,61,51,81,76,DE,2006,7
2006-08-01,64,90,69,41,74,100,68,60,86,68,DE,2006,8
2006-09-01,59,75,62,44,69,76,69,56,85,65,DE,2006,9
2006-10-01,63,75,53,36,67,73,70,49,81,64,DE,2006,10
2006-11-01,62,88,59,37,76,74,86,57,92,76,DE,2006,11
2006-12-01,53,70,51,44,60,70,69,71,77,63,DE,2006,12
2007-01-01,64,87,71,41,71,88,85,66,85,73,DE,2007,1
2007-02-01,60,88,72,38,69,84,89,61,92,70,DE,2007,2
2007-03-01,66,88,72,35,73,84,89,60,93,71,DE,2007,3
2007-04-01,58,83,70,82,59,74,71,63,78,61,DE,2007,4
2007-05-01,64,66,68,31,63,73,72,50,80,63,DE,2007,5
2007-06-01,67,79,68,34,62,75,73,46,93,62,DE,2007,6
2007-07-01,63,85,65,31,68,75,63,47,80,61,DE,2007,7
2007-08-01,51,82,65,37,62,78,65,50,87,61,DE,2007,8
2007-09-01,46,76,60,31,60,68,64,47,76,56,DE,2007,9
2007-10-01,59,85,71,32,64,72,72,45,83,64,DE,2007,10
2007-11-01,60,87,77,33,67,80,81,45,89,66,DE,2007,11
2007-12-01,45,66,57,30,51,63,61,42,70,52,DE,2007,12
2008-01-01,53,73,71,34,57,77,77,48,83,59,DE,2008,1
2008-02-01,52,83,67,39,54,76,73,43,85,59,DE,2008,2
2008-03-01,45,71,60,30,47,66,58,41,73,53,DE,2008,3
2008-04-01,51,74,70,28,55,73,71,39,80,56,DE,2008,4
2008-05-01,46,58,64,33,46,66,59,35,66,46,DE,2008,5
2008-06-01,47,67,75,28,51,69,61,36,70,48,DE,2008,6
2008-07-01,47,73,70,26,54,67,54,40,71,50,DE,2008,7
2008-08-01,42,84,67,26,50,66,55,39,69,48,DE,2008,8
2008-09-01,39,63,60,24,44,61,59,36,69,46,DE,2008,9
2008-10-01,45,66,60,27,49,61,60,38,66,49,DE,2008,10
2008-11-01,44,64,62,27,48,63,66,36,75,51,DE,2008,11
2008-12-01,35,53,47,24,41,59,49,39,57,42,DE,2008,12
2009-01-01,42,64,53,30,43,66,59,35,60,46,DE,2009,1
2009-02-01,42,68,57,26,48,65,67,34,69,50,DE,2009,2
2009-03-01,40,67,60,30,44,67,67,35,67,52,DE,2009,3
2009-04-01,39,62,54,21,41,59,54,27,59,41,DE,2009,4
2009-05-01,39,62,55,25,39,60,54,27,57,42,DE,2009,5
2009-06-01,39,54,54,22,37,59,52,24,62,44,DE,2009,6
2009-07-01,39,60,57,39,46,60,47,27,60,41,DE,2009,7
2009-08-01,34,59,60,22,41,56,43,26,55,39,DE,2009,8
2009-09-01,35,60,61,22,43,51,51,28,56,44,DE,2009,9
2009-10-01,36,57,57,23,42,56,51,28,59,45,DE,2009,10
2009-11-01,42,63,55,25,44,63,62,29,64,50,DE,2009,11
2009-12-01,31,49,48,23,34,50,43,27,49,38,DE,2009,12
2010-01-01,35,55,55,23,36,56,50,27,54,40,DE,2010,1
2010-02-01,35,58,53,25,39,54,52,23,59,43,DE,2010,2
2010-03-01,35,63,59,24,39,54,54,24,60,41,DE,2010,3
2010-04-01,34,55,51,22,38,53,50,21,57,41,DE,2010,4
2010-05-01,34,52,47,24,35,48,50,18,50,34,DE,2010,5
2010-06-01,34,57,52,19,37,49,48,17,53,39,DE,2010,6
2010-07-01,32,48,43,19,33,47,39,17,46,33,DE,2010,7
2010-08-01,28,51,42,18,34,47,39,19,50,33,DE,2010,8
2010-09-01,27,52,45,19,32,46,45,18,52,35,DE,2010,9
2010-10-01,29,52,43,19,33,51,42,17,50,34,DE,2010,10
2010-11-01,33,54,45,24,34,53,54,17,57,41,DE,2010,11
2010-12-01,26,43,31,24,27,44,35,18,44,32,DE,2010,12
2011-01-01,31,58,48,30,35,61,54,18,65,42,DE,2011,1
2011-02-01,33,64,48,25,33,59,53,18,63,41,DE,2011,2
2011-03-01,29,57,65,22,31,56,49,14,63,40,DE,2011,3
2011-04-01,30,56,59,19,30,55,41,15,56,39,DE,2011,4
2011-05-01,32,56,63,24,33,55,56,15,65,40,DE,2011,5
2011-06-01,29,53,58,21,27,52,39,14,55,34,DE,2011,6
2011-07-01,32,55,57,28,32,58,43,16,62,35,DE,2011,7
2011-08-01,25,48,51,20,27,52,33,15,57,38,DE,2011,8
2011-09-01,25,54,48,26,29,53,45,13,57,34,DE,2011,9
2011-10-01,27,54,48,23,27,54,40,16,55,34,DE,2011,10
2011-11-01,29,57,50,23,29,53,48,16,58,36,DE,2011,11
2011-12-01,25,47,42,22,26,49,41,17,49,36,DE,2011,12
2012-01-01,28,56,56,27,29,58,52,18,59,38,DE,2012,1
2012-02-01,27,57,53,21,26,54,47,15,59,38,DE,2012,2
2012-03-01,24,55,50,19,27,52,43,16,58,38,DE,2012,3
2012-04-01,28,51,44,20,26,54,41,17,55,33,DE,2012,4
2012-05-01,27,51,40,21,25,54,46,14,53,33,DE,2012,5
2012-06-01,26,48,41,20,27,50,36,13,52,32,DE,2012,6
2012-07-01,26,49,38,20,25,53,34,15,50,31,DE,2012,7
2012-08-01,21,49,37,28,25,51,34,13,49,29,DE,2012,8
2012-09-01,23,55,41,21,25,54,41,14,56,32,DE,2012,9
2012-10-01,24,53,42,25,24,56,37,14,53,33,DE,2012,10
2012-11-01,25,54,43,20,27,56,45,13,56,35,DE,2012,11
2012-12-01,21,44,37,23,21,53,36,15,48,29,DE,2012,12
2013-01-01,23,49,36,20,24,56,41,12,50,31,DE,2013,1
2013-02-01,25,53,39,24,26,62,46,14,57,34,DE,2013,2
2013-03-01,23,51,37,19,22,55,38,14,53,30,DE,2013,3
2013-04-01,23,50,38,19,24,56,41,12,53,33,DE,2013,4
2013-05-01,23,45,33,20,22,52,35,11,49,27,DE,2013,5
2013-06-01,25,49,35,19,23,57,38,11,52,31,DE,2013,6
2013-07-01,23,49,32,18,21,54,34,11,49,28,DE,2013,7
2013-08-01,20,48,32,18,20,52,30,11,48,30,DE,2013,8
2013-09-01,21,52,32,19,20,53,34,11,48,27,DE,2013,9
2013-10-01,20,49,32,18,22,53,34,12,57,31,DE,2013,10
2013-11-01,24,55,35,19,22,55,46,12,53,32,DE,2013,11
2013-12-01,19,45,26,20,18,48,33,12,45,29,DE,2013,12
2014-01-01,24,52,35,23,23,56,41,14,52,32,DE,2014,1
2014-02-01,24,51,36,19,24,58,39,12,57,31,DE,2014,2
2014-03-01,20,47,31,18,21,53,36,10,49,28,DE,2014,3
2014-04-01,21,46,28,18,20,48,32,12,48,27,DE,2014,4
2014-05-01,23,48,31,20,19,53,37,10,53,28,DE,2014,5
2014-06-01,24,48,29,18,19,48,33,10,44,27,DE,2014,6
2014-07-01,23,50,27,17,22,53,32,9,49,28,DE,2014,7
2014-08-01,19,52,25,19,17,51,27,10,47,26,DE,2014,8
2014-09-01,19,47,25,17,20,50,33,9,45,26,DE,2014,9
2014-10-01,20,50,27,19,21,50,31,9,47,29,DE,2014,10
2014-11-01,22,53,26,27,19,49,36,10,47,30,DE,2014,11
2014-12-01,19,43,24,22,17,51,29,10,45,28,DE,2014,12
2015-01-01,24,50,26,20,20,54,37,10,49,30,DE,2015,1
2015-02-01,25,51,27,19,21,59,36,10,55,31,DE,2015,2
2015-03-01,23,50,29,17,19,58,38,9,51,32,DE,2015,3
2015-04-01,22,49,26,17,19,51,35,8,49,25,DE,2015,4
2015-05-01,23,44,26,19,18,48,32,7,45,27,DE,2015,5
2015-06-01,25,48,27,18,19,52,34,7,49,26,DE,2015,6
2015-07-01,24,45,23,21,19,50,29,7,45,25,DE,2015,7
2015-08-01,18,46,21,20,17,46,24,8,41,22,DE,2015,8
2015-09-01,19,46,23,21,18,50,30,7,47,24,DE,2015,9
2015-10-01,21,48,22,22,18,53,31,7,45,27,DE,2015,10
2015-11-01,23,49,22,20,19,46,34,7,52,28,DE,2015,11
2015-12-01,20,40,22,25,16,52,31,8,47,27,DE,2015,12
2016-01-01,28,50,25,25,19,53,37,6,49,29,DE,2016,1
2016-02-01,32,57,27,23,21,57,42,7,58,29,DE,2016,2
2016-03-01,27,48,26,19,19,52,34,6,53,26,DE,2016,3
2016-04-01,29,49,27,21,20,55,34,6,50,26,DE,2016,4
2016-05-01,31,47,25,20,18,49,32,5,51,23,DE,2016,5
2016-06-01,34,50,26,19,22,54,34,5,50,26,DE,2016,6
2016-07-01,29,48,23,19,18,58,29,5,51,23,DE,2016,7
2016-08-01,23,47,22,16,17,51,23,5,51,23,DE,2016,8
2016-09-01,25,50,23,20,18,49,31,5,51,25,DE,2016,9
2016-10-01,27,49,24,21,18,55,32,5,50,26,DE,2016,10
2016-11-01,32,48,24,19,20,51,35,5,50,26,DE,2016,11
2016-12-01,26,42,20,18,17,49,30,6,44,24,DE,2016,12
2017-01-01,37,50,26,21,19,57,37,5,50,28,DE,2017,1
2017-02-01,40,50,25,21,19,59,35,5,52,28,DE,2017,2
2017-03-01,34,49,25,20,18,53,34,5,56,25,DE,2017,3
2017-04-01,31,50,22,19,16,52,32,5,52,26,DE,2017,4
2017-05-01,39,50,26,20,19,51,35,5,54,25,DE,2017,5
2017-06-01,39,48,25,24,17,56,31,4,54,22,DE,2017,6
2017-07-01,42,52,24,22,19,58,31,5,54,25,DE,2017,7
2017-08-01,35,51,24,20,18,57,28,5,53,23,DE,2017,8
2017-09-01,35,51,24,20,18,57,31,4,54,26,DE,2017,9
2017-10-01,37,51,23,20,18,57,31,5,52,26,DE,2017,10
2017-11-01,43,57,25,25,18,60,37,5,58,29,DE,2017,11
2017-12-01,32,44,20,29,15,55,29,5,48,24,DE,2017,12
2018-01-01,43,55,25,26,18,65,38,5,55,28,DE,2018,1
2018-02-01,40,51,24,32,16,66,35,4,53,28,DE,2018,2
2018-03-01,36,52,25,21,17,68,35,4,56,27,DE,2018,3
2018-04-01,34,49,23,19,14,55,30,4,50,23,DE,2018,4
2018-05-01,39,45,22,19,14,58,32,4,48,22,DE,2018,5
2018-06-01,43,47,22,23,16,55,30,4,52,22,DE,2018,6
2018-07-01,39,49,22,25,15,58,27,3,50,24,DE,2018,7
2018-08-01,34,48,23,21,15,57,27,3,49,22,DE,2018,8
2018-09-01,35,51,23,22,16,57,32,4,51,24,DE,2018,9
2018-10-01,37,51,25,29,17,55,30,4,53,24,DE,2018,10
2018-11-01,43,54,26,29,19,59,37,4,59,29,DE,2018,11
2018-12-01,34,43,20,29,14,59,28,4,47,23,DE,2018,12
2019-01-01,38,57,27,28,18,66,38,4,56,29,DE,2019,1
2019-02-01,43,54,29,22,17,67,35,4,56,27,DE,2019,2
2019-03-01,38,54,27,23,17,65,34,4,52,25,DE,2019,3
2019-04-01,38,54,28,20,16,61,31,4,50,24,DE,2019,4
2019-05-01,41,52,27,20,17,58,32,3,51,28,DE,2019,5
2019-06-01,41,50,28,24,15,55,32,3,46,21,DE,2019,6
2019-07-01,42,50,29,38,17,58,27,3,44,23,DE,2019,7
2019-08-01,36,48,25,24,16,55,27,3,46,21,DE,2019,8
2019-09-01,34,50,28,19,16,59,29,3,50,22,DE,2019,9
2019-10-01,36,55,28,22,18,61,29,3,51,26,DE,2019,10
2019-11-01,40,57,29,24,17,67,35,4,57,28,DE,2019,11
2019-12-01,30,45,24,22,13,59,29,4,42,22,DE,2019,12
2020-01-01,41,53,33,24,17,74,35,5,50,29,DE,2020,1
2020-02-01,37,50,29,22,16,65,33,4,49,25,DE,2020,2
2020-03-01,32,43,27,20,15,75,34,8,43,23,DE,2020,3
2020-04-01,33,43,27,24,14,56,32,5,48,21,DE,2020,4
2020-05-01,42,54,34,61,14,59,37,4,47,25,DE,2020,5
2020-06-01,38,52,32,35,14,57,50,3,45,26,DE,2020,6
2020-07-01,42,52,30,23,16,62,31,3,48,23,DE,2020,7
2020-08-01,33,50,27,23,13,54,30,3,47,21,DE,2020,8
2020-09-01,33,50,27,22,15,53,32,3,48,22,DE,2020,9
2020-10-01,31,50,28,25,14,61,34,4,51,24,DE,2020,10
2020-11-01,31,52,28,23,14,59,39,4,49,27,DE,2020,11
2020-12-01,29,49,26,26,12,60,39,4,48,24,DE,2020,12
2005-01-01,78,52,51,82,94,62,39,100,55,100,KR,2005,1
2005-02-01,63,49,41,54,78,52,37,94,47,66,KR,2005,2
2005-03-01,96,59,74,73,94,77,60,97,71,100,KR,2005,3
2005-04-01,92,56,84,96,88,69,61,90,79,94,KR,2005,4
2005-05-01,100,62,65,96,78,65,54,90,72,94,KR,2005,5
2005-06-01,92,51,56,86,78,64,56,96,62,78,KR,2005,6
2005-07-01,76,54,58,97,82,59,46,80,54,86,KR,2005,7
2005-08-01,72,48,46,93,73,70,32,74,52,72,KR,2005,8
2005-09-01,70,38,54,83,74,60,49,63,59,75,KR,2005,9
2005-10-01,74,44,60,86,64,60,44,61,50,72,KR,2005,10
2005-11-01,88,48,71,69,75,71,52,69,64,79,KR,2005,11
2005-12-01,93,42,55,85,67,69,41,58,44,59,KR,2005,12
2006-01-01,65,36,59,66,55,54,29,59,44,56,KR,2006,1
2006-02-01,58,38,53,62,61,77,33,57,46,61,KR,2006,2
2006-03-01,69,40,60,72,63,86,46,60,53,79,KR,2006,3
2006-04-01,81,42,63,73,62,81,52,55,58,73,KR,2006,4
2006-05-01,91,38,66,73,61,85,47,54,53,75,KR,2006,5
2006-06-01,74,47,69,77,63,100,42,61,62,72,KR,2006,6
2006-07-01,53,42,48,77,62,85,34,67,44,61,KR,2006,7
2006-08-01,50,40,59,76,54,82,32,58,46,60,KR,2006,8
2006-09-01,65,37,56,78,58,89,44,65,48,63,KR,2006,9
2006-10-01,64,36,57,62,47,67,34,50,34,50,KR,2006,10
2006-11-01,70,38,66,75,54,79,46,60,52,63,KR,2006,11
2006-12-01,64,36,49,68,56,71,37,62,42,54,KR,2006,12
2007-01-01,51,38,50,58,55,71,39,61,36,53,KR,2007,1
2007-02-01,45,32,42,47,46,56,28,50,39,44,KR,2007,2
2007-03-01,60,43,61,58,55,69,41,58,44,56,KR,2007,3
2007-04-01,66,35,70,86,56,74,41,61,50,58,KR,2007,4
2007-05-01,62,34,73,62,50,68,37,53,45,56,KR,2007,5
2007-06-01,57,37,71,64,52,67,39,52,43,53,KR,2007,6
2007-07-01,48,35,53,52,44,57,33,48,35,45,KR,2007,7
2007-08-01,46,39,62,59,45,59,29,52,37,42,KR,2007,8
2007-09-01,49,31,59,49,39,59,30,52,29,44,KR,2007,9
2007-10-01,58,33,73,69,45,61,39,49,49,51,KR,2007,10
2007-11-01,63,33,78,62,47,56,39,53,47,47,KR,2007,11
2007-12-01,50,29,69,56,44,52,28,50,37,42,KR,2007,12
2008-01-01,44,30,59,55,43,47,26,43,34,40,KR,2008,1
2008-02-01,39,30,58,39,38,47,26,39,32,34,KR,2008,2
2008-03-01,55,32,75,56,46,63,35,43,38,49,KR,2008,3
2008-04-01,54,31,72,64,46,52,33,42,43,47,KR,2008,4
2008-05-01,49,31,70,57,45,60,35,44,39,41,KR,2008,5
2008-06-01,49,35,82,53,40,54,32,44,35,43,KR,2008,6
2008-07-01,48,33,80,49,50,64,26,43,31,38,KR,2008,7
2008-08-01,40,32,76,50,46,52,23,44,32,35,KR,2008,8
2008-09-01,41,26,70,50,42,46,29,36,31,39,KR,2008,9
2008-10-01,46,27,72,52,46,48,32,32,32,44,KR,2008,10
2008-11-01,45,27,78,47,47,45,30,36,31,40,KR,2008,11
2008-12-01,40,26,72,40,45,42,26,38,36,40,KR,2008,12
2009-01-01,27,24,61,36,36,34,19,31,26,28,KR,2009,1
2009-02-01,39,27,67,45,43,32,22,34,30,33,KR,2009,2
2009-03-01,41,26,77,47,43,48,28,37,36,38,KR,2009,3
2009-04-01,53,26,81,55,47,49,34,32,39,40,KR,2009,4
2009-05-01,45,26,75,41,38,42,28,33,33,34,KR,2009,5
2009-06-01,42,27,72,42,42,54,27,33,33,36,KR,2009,6
2009-07-01,33,27,63,42,39,54,23,39,26,30,KR,2009,7
2009-08-01,32,26,56,53,37,37,21,34,23,28,KR,2009,8
2009-09-01,33,26,60,43,42,37,25,31,32,34,KR,2009,9
2009-10-01,36,22,61,41,35,38,23,30,23,30,KR,2009,10
2009-11-01,43,25,70,41,42,43,30,32,32,36,KR,2009,11
2009-12-01,36,27,57,35,42,36,24,27,26,31,KR,2009,12
2010-01-01,28,25,47,32,35,31,19,30,22,24,KR,2010,1
2010-02-01,22,19,43,32,36,31,18,26,22,25,KR,2010,2
2010-03-01,35,23,60,35,40,39,28,29,29,32,KR,2010,3
2010-04-01,35,21,64,38,39,34,29,29,28,35,KR,2010,4
2010-05-01,37,22,62,32,37,35,26,24,24,30,KR,2010,5
2010-06-01,32,23,57,42,37,35,26,26,26,31,KR,2010,6
2010-07-01,24,29,48,36,36,42,19,24,24,26,KR,2010,7
2010-08-01,25,34,51,33,36,40,19,24,22,24,KR,2010,8
2010-09-01,25,44,50,34,29,34,23,42,24,28,KR,2010,9
2010-10-01,31,49,62,47,36,38,27,48,28,30,KR,2010,10
2010-11-01,28,50,65,51,38,47,27,47,29,31,KR,2010,11
2010-12-01,28,52,55,61,36,36,23,37,27,27,KR,2010,12
2011-01-01,28,66,58,58,39,43,22,48,29,30,KR,2011,1
2011-02-01,27,53,50,51,35,44,18,32,22,25,KR,2011,2
2011-03-01,32,49,73,49,39,46,26,36,30,34,KR,2011,3
2011-04-01,35,54,84,55,44,48,27,34,34,37,KR,2011,4
2011-05-01,35,63,74,52,40,47,25,32,32,33,KR,2011,5
2011-06-01,34,66,66,56,43,48,25,34,34,33,KR,2011,6
2011-07-01,29,82,64,56,45,53,25,37,30,33,KR,2011,7
2011-08-01,29,77,57,53,41,43,21,34,28,30,KR,2011,8
2011-09-01,29,68,60,56,39,50,23,46,29,32,KR,2011,9
2011-10-01,29,65,61,56,40,51,25,44,35,31,KR,2011,10
2011-11-01,33,70,78,71,43,50,25,46,36,36,KR,2011,11
2011-12-01,31,66,59,60,42,45,23,41,28,29,KR,2011,12
2012-01-01,23,78,61,77,39,39,21,54,28,28,KR,2012,1
2012-02-01,26,86,69,82,47,43,22,61,34,30,KR,2012,2
2012-03-01,31,76,74,69,49,44,28,51,35,33,KR,2012,3
2012-04-01,34,68,68,62,48,48,27,43,35,36,KR,2012,4
2012-05-01,35,64,66,68,48,45,26,36,32,34,KR,2012,5
2012-06-01,32,62,69,67,44,49,24,37,34,32,KR,2012,6
2012-07-01,27,69,59,66,46,46,20,41,31,28,KR,2012,7
2012-08-01,23,63,57,79,44,45,19,39,28,29,KR,2012,8
2012-09-01,28,60,61,74,47,49,23,63,31,32,KR,2012,9
2012-10-01,30,60,64,68,43,47,23,39,31,33,KR,2012,10
2012-11-01,33,62,70,64,49,46,24,48,31,33,KR,2012,11
2012-12-01,28,64,51,67,44,46,22,45,30,30,KR,2012,12
2013-01-01,25,55,51,65,46,38,18,30,28,26,KR,2013,1
2013-02-01,22,62,54,64,46,37,17,31,29,26,KR,2013,2
2013-03-01,29,55,58,66,47,46,21,34,31,31,KR,2013,3
2013-04-01,32,58,75,70,53,49,23,35,34,37,KR,2013,4
2013-05-01,30,60,63,73,48,51,22,31,33,34,KR,2013,5
2013-06-01,30,63,65,74,52,55,24,33,33,32,KR,2013,6
2013-07-01,27,65,57,70,54,50,20,33,30,30,KR,2013,7
2013-08-01,26,65,60,77,46,48,20,32,29,28,KR,2013,8
2013-09-01,27,55,52,65,46,48,21,30,28,27,KR,2013,9
2013-10-01,29,61,62,76,52,53,23,30,32,32,KR,2013,10
2013-11-01,34,66,68,78,56,53,23,32,34,40,KR,2013,11
2013-12-01,32,63,58,73,53,50,22,31,32,40,KR,2013,12
2014-01-01,22,70,52,65,46,43,19,33,28,44,KR,2014,1
2014-02-01,26,67,54,67,53,44,19,30,31,53,KR,2014,2
2014-03-01,30,59,59,71,56,47,22,30,35,39,KR,2014,3
2014-04-01,36,70,64,85,61,55,24,32,36,41,KR,2014,4
2014-05-01,36,74,66,79,56,55,26,57,35,36,KR,2014,5
2014-06-01,35,67,62,71,58,54,24,62,37,38,KR,2014,6
2014-07-01,31,73,58,71,61,54,21,45,34,34,KR,2014,7
2014-08-01,27,69,54,73,58,49,20,50,33,28,KR,2014,8
2014-09-01,28,59,55,75,51,48,21,29,31,32,KR,2014,9
2014-10-01,33,77,60,84,59,50,23,34,35,33,KR,2014,10
2014-11-01,35,64,63,82,59,52,24,30,34,35,KR,2014,11
2014-12-01,32,70,55,74,55,50,22,32,34,33,KR,2014,12
2015-01-01,28,65,49,69,53,42,19,30,29,31,KR,2015,1
2015-02-01,28,60,51,66,47,39,17,32,29,27,KR,2015,2
2015-03-01,36,65,62,73,54,50,23,31,33,39,KR,2015,3
2015-04-01,39,71,66,77,63,52,25,32,37,43,KR,2015,4
2015-05-01,37,79,63,71,52,52,29,35,34,39,KR,2015,5
2015-06-01,38,66,63,73,60,55,100,36,35,38,KR,2015,6
2015-07-01,28,74,50,71,59,48,22,32,30,37,KR,2015,7
2015-08-01,27,67,52,63,56,50,18,30,30,30,KR,2015,8
2015-09-01,29,65,51,64,53,47,21,30,32,37,KR,2015,9
2015-10-01,33,67,58,68,57,53,24,31,34,42,KR,2015,10
2015-11-01,36,62,59,64,59,53,24,33,34,43,KR,2015,11
2015-12-01,36,69,54,68,58,55,23,40,35,41,KR,2015,12
2016-01-01,33,69,53,67,59,46,21,37,32,37,KR,2016,1
2016-02-01,32,73,52,68,62,46,18,38,36,32,KR,2016,2
2016-03-01,47,65,62,68,67,51,25,36,39,44,KR,2016,3
2016-04-01,48,64,67,77,66,57,27,41,37,46,KR,2016,4
2016-05-01,53,77,72,73,78,62,32,38,41,47,KR,2016,5
2016-06-01,50,73,67,70,72,61,28,37,39,44,KR,2016,6
2016-07-01,42,76,64,76,68,60,22,37,38,36,KR,2016,7
2016-08-01,40,75,64,71,72,53,20,36,34,34,KR,2016,8
2016-09-01,41,74,63,68,65,55,22,34,36,39,KR,2016,9
2016-10-01,52,72,63,69,74,54,27,42,37,45,KR,2016,10
2016-11-01,50,72,67,72,77,56,27,48,38,45,KR,2016,11
2016-12-01,48,78,57,63,79,53,25,46,36,39,KR,2016,12
2017-01-01,41,70,52,63,66,46,20,51,32,37,KR,2017,1
2017-02-01,44,78,57,67,77,49,21,44,38,87,KR,2017,2
2017-03-01,53,86,61,72,75,50,30,38,42,67,KR,2017,3
2017-04-01,59,82,73,79,83,61,34,65,42,55,KR,2017,4
2017-05-01,52,81,71,68,69,57,29,59,38,48,KR,2017,5
2017-06-01,51,80,81,67,76,55,28,36,40,47,KR,2017,6
2017-07-01,46,85,78,69,73,51,20,34,37,40,KR,2017,7
2017-08-01,42,73,62,67,67,51,20,34,33,42,KR,2017,8
2017-09-01,47,78,65,70,67,53,23,31,37,47,KR,2017,9
2017-10-01,42,77,60,64,60,51,22,32,33,40,KR,2017,10
2017-11-01,58,80,81,72,80,53,30,35,43,50,KR,2017,11
2017-12-01,50,82,72,67,71,55,25,36,36,45,KR,2017,12
2018-01-01,49,81,64,61,70,50,22,35,37,44,KR,2018,1
2018-02-01,40,71,55,61,60,43,17,31,31,35,KR,2018,2
2018-03-01,49,77,63,68,74,52,31,35,40,47,KR,2018,3
2018-04-01,55,73,69,70,74,56,32,36,39,50,KR,2018,4
2018-05-01,57,80,72,72,70,56,34,47,39,49,KR,2018,5
2018-06-01,52,76,61,67,75,58,29,39,36,48,KR,2018,6
2018-07-01,51,80,64,68,77,56,24,34,37,42,KR,2018,7
2018-08-01,47,75,63,66,76,60,23,35,34,41,KR,2018,8
2018-09-01,47,78,62,69,69,58,33,35,36,45,KR,2018,9
2018-10-01,49,75,68,68,73,60,29,33,37,49,KR,2018,10
2018-11-01,53,77,74,75,77,63,32,33,42,51,KR,2018,11
2018-12-01,47,69,61,67,67,59,24,32,36,42,KR,2018,12
2019-01-01,44,64,58,63,70,55,23,31,36,39,KR,2019,1
2019-02-01,40,71,53,62,64,51,18,30,34,36,KR,2019,2
2019-03-01,49,74,66,66,77,58,28,41,39,47,KR,2019,3
2019-04-01,56,85,72,70,86,63,33,55,42,55,KR,2019,4
2019-05-01,56,80,77,68,79,63,29,52,39,45,KR,2019,5
2019-06-01,51,74,69,64,68,62,28,36,38,45,KR,2019,6
2019-07-01,45,79,61,67,71,57,21,36,34,38,KR,2019,7
2019-08-01,43,84,62,63,70,59,22,40,33,36,KR,2019,8
2019-09-01,44,78,64,65,69,59,25,45,36,44,KR,2019,9
2019-10-01,51,82,69,65,72,62,30,42,100,52,KR,2019,10
2019-11-01,53,87,73,66,81,67,31,42,40,53,KR,2019,11
2019-12-01,50,77,65,64,76,72,27,44,39,44,KR,2019,12
2020-01-01,45,80,59,64,72,63,26,60,35,37,KR,2020,1
2020-02-01,47,76,62,68,80,61,31,67,41,43,KR,2020,2
2020-03-01,47,70,69,62,77,63,31,54,50,48,KR,2020,3
2020-04-01,54,76,71,68,86,57,32,70,47,50,KR,2020,4
2020-05-01,61,84,88,91,87,66,36,57,56,58,KR,2020,5
2020-06-01,72,91,99,89,100,70,39,64,56,66,KR,2020,6
2020-07-01,58,85,85,85,100,63,29,57,54,51,KR,2020,7
2020-08-01,56,100,77,81,89,57,27,58,52,45,KR,2020,8
2020-09-01,55,77,100,100,92,62,34,63,52,56,KR,2020,9
2020-10-01,50,74,88,75,75,60,27,51,44,53,KR,2020,10
2020-11-01,51,81,91,71,80,59,27,51,46,54,KR,2020,11
2020-12-01,49,78,85,76,77,57,32,60,52,55,KR,2020,12
2005-01-01,100,100,66,100,95,65,100,100,100,100,FR,2005,1
2005-02-01,93,88,64,87,90,63,95,83,87,91,FR,2005,2
2005-03-01,90,90,71,65,88,61,91,83,86,89,FR,2005,3
2005-04-01,83,89,62,65,80,60,84,82,87,86,FR,2005,4
2005-05-01,82,84,63,60,84,62,89,69,79,82,FR,2005,5
2005-06-01,81,92,61,56,88,59,85,68,74,78,FR,2005,6
2005-07-01,66,71,54,87,68,55,62,61,54,67,FR,2005,7
2005-08-01,57,61,58,80,64,54,58,61,48,60,FR,2005,8
2005-09-01,67,87,88,63,77,67,78,64,78,77,FR,2005,9
2005-10-01,70,78,72,57,81,67,77,67,77,75,FR,2005,10
2005-11-01,78,90,84,60,100,71,86,77,82,84,FR,2005,11
2005-12-01,68,75,63,50,81,62,71,71,67,74,FR,2005,12
2006-01-01,79,84,72,55,87,72,77,75,79,84,FR,2006,1
2006-02-01,68,85,67,52,89,74,72,69,71,79,FR,2006,2
2006-03-01,71,86,69,58,89,79,76,66,77,90,FR,2006,3
2006-04-01,68,80,65,49,70,67,64,57,61,70,FR,2006,4
2006-05-01,68,82,65,45,77,71,67,54,66,72,FR,2006,5
2006-06-01,75,85,64,48,84,75,66,53,69,73,FR,2006,6
2006-07-01,50,70,50,49,69,70,55,53,54,54,FR,2006,7
2006-08-01,43,65,57,42,55,57,52,59,49,51,FR,2006,8
2006-09-01,70,80,65,56,72,78,67,56,72,72,FR,2006,9
2006-10-01,62,72,68,48,72,79,65,60,69,76,FR,2006,10
2006-11-01,54,74,91,44,73,80,69,62,68,75,FR,2006,11
2006-12-01,53,76,66,54,71,76,63,70,63,80,FR,2006,12
2007-01-01,65,79,94,46,80,81,69,67,67,91,FR,2007,1
2007-02-01,60,76,84,46,76,90,65,62,67,78,FR,2007,2
2007-03-01,63,82,85,47,75,86,67,61,68,89,FR,2007,3
2007-04-01,50,68,65,97,65,78,58,51,57,71,FR,2007,4
2007-05-01,53,72,80,39,65,77,59,50,56,70,FR,2007,5
2007-06-01,57,80,72,41,66,80,62,48,59,70,FR,2007,6
2007-07-01,42,68,58,34,62,76,46,50,48,55,FR,2007,7
2007-08-01,37,61,51,40,55,70,44,53,43,52,FR,2007,8
2007-09-01,45,65,67,37,58,76,55,57,55,63,FR,2007,9
2007-10-01,54,74,93,44,67,85,74,51,62,70,FR,2007,10
2007-11-01,52,75,100,40,64,100,76,52,62,72,FR,2007,11
2007-12-01,45,60,79,36,56,80,56,51,52,61,FR,2007,12
2008-01-01,43,69,90,36,58,90,68,55,59,71,FR,2008,1
2008-02-01,47,72,100,40,62,91,62,53,56,69,FR,2008,2
2008-03-01,44,69,89,40,55,80,66,51,58,64,FR,2008,3
2008-04-01,38,68,84,35,53,83,55,50,54,57,FR,2008,4
2008-05-01,34,66,84,37,47,77,52,44,47,57,FR,2008,5
2008-06-01,37,70,82,35,49,77,45,44,53,52,FR,2008,6
2008-07-01,31,58,64,28,44,69,36,40,38,48,FR,2008,7
2008-08-01,26,48,56,26,35,64,33,44,32,38,FR,2008,8
2008-09-01,30,60,76,29,45,66,47,39,49,51,FR,2008,9
2008-10-01,36,70,77,30,50,76,54,39,57,58,FR,2008,10
2008-11-01,38,57,70,29,43,68,55,41,47,52,FR,2008,11
2008-12-01,32,53,71,26,41,71,45,44,43,50,FR,2008,12
2009-01-01,32,62,72,26,44,75,50,39,53,54,FR,2009,1
2009-02-01,33,65,78,28,44,77,49,38,47,52,FR,2009,2
2009-03-01,35,66,80,30,45,77,50,35,55,52,FR,2009,3
2009-04-01,31,60,79,29,41,67,48,35,44,50,FR,2009,4
2009-05-01,29,54,71,33,36,74,44,27,39,46,FR,2009,5
2009-06-01,30,61,72,26,39,67,37,28,41,42,FR,2009,6
2009-07-01,24,45,62,46,32,60,29,25,30,40,FR,2009,7
2009-08-01,21,40,56,23,32,57,27,26,27,32,FR,2009,8
2009-09-01,26,59,77,27,37,60,44,30,45,45,FR,2009,9
2009-10-01,30,53,82,32,41,71,48,31,46,44,FR,2009,10
2009-11-01,29,57,86,30,40,69,49,34,47,49,FR,2009,11
2009-12-01,24,45,72,24,33,64,46,34,38,44,FR,2009,12
2010-01-01,27,54,83,24,37,63,45,32,49,42,FR,2010,1
2010-02-01,28,54,78,24,40,64,39,34,42,44,FR,2010,2
2010-03-01,29,59,79,26,39,67,41,31,50,45,FR,2010,3
2010-04-01,27,53,68,22,35,63,36,29,43,39,FR,2010,4
2010-05-01,27,52,66,23,34,58,37,22,38,40,FR,2010,5
2010-06-01,27,54,60,22,33,59,37,22,38,40,FR,2010,6
2010-07-01,19,44,45,18,27,55,23,18,25,30,FR,2010,7
2010-08-01,17,36,39,17,26,51,21,21,23,27,FR,2010,8
2010-09-01,21,46,57,22,30,61,33,20,39,37,FR,2010,9
2010-10-01,22,46,51,24,32,63,36,20,39,36,FR,2010,10
2010-11-01,24,46,54,25,32,66,36,22,42,41,FR,2010,11
2010-12-01,20,42,41,27,28,58,30,19,34,36,FR,2010,12
2011-01-01,24,57,57,28,34,95,43,23,48,48,FR,2011,1
2011-02-01,24,58,58,32,34,84,35,22,47,45,FR,2011,2
2011-03-01,21,56,61,29,32,71,36,18,42,43,FR,2011,3
2011-04-01,24,53,57,30,31,71,35,19,42,40,FR,2011,4
2011-05-01,23,55,55,32,32,75,38,16,44,44,FR,2011,5
2011-06-01,20,55,48,26,31,71,34,16,36,39,FR,2011,6
2011-07-01,18,48,37,30,26,70,30,16,33,36,FR,2011,7
2011-08-01,15,38,32,23,23,63,23,15,26,29,FR,2011,8
2011-09-01,20,49,42,41,29,73,33,17,42,39,FR,2011,9
2011-10-01,23,48,44,32,29,77,35,15,43,39,FR,2011,10
2011-11-01,22,50,45,33,29,73,42,15,45,43,FR,2011,11
2011-12-01,18,44,38,28,28,71,33,17,37,38,FR,2011,12
2012-01-01,22,51,48,34,29,76,35,15,45,48,FR,2012,1
2012-02-01,22,47,45,29,27,75,34,16,41,39,FR,2012,2
2012-03-01,20,47,45,29,26,71,33,14,45,39,FR,2012,3
2012-04-01,21,48,45,27,27,81,33,14,40,40,FR,2012,4
2012-05-01,18,44,42,24,24,66,32,12,36,36,FR,2012,5
2012-06-01,20,48,37,24,27,72,30,12,40,36,FR,2012,6
2012-07-01,15,42,31,21,23,66,24,12,30,30,FR,2012,7
2012-08-01,12,35,28,31,20,63,21,11,25,28,FR,2012,8
2012-09-01,16,47,44,30,26,74,35,13,45,38,FR,2012,9
2012-10-01,19,48,41,27,28,78,47,13,44,39,FR,2012,10
2012-11-01,19,47,38,24,25,75,37,12,42,40,FR,2012,11
2012-12-01,18,41,37,26,21,76,33,13,36,38,FR,2012,12
2013-01-01,18,43,36,23,23,70,34,12,38,37,FR,2013,1
2013-02-01,17,44,40,26,24,81,33,12,40,40,FR,2013,2
2013-03-01,20,40,41,26,24,73,31,12,36,39,FR,2013,3
2013-04-01,19,42,37,24,24,75,36,13,38,41,FR,2013,4
2013-05-01,18,41,37,26,21,74,31,11,37,37,FR,2013,5
2013-06-01,18,45,34,26,22,72,31,10,34,37,FR,2013,6
2013-07-01,14,39,28,21,21,68,27,10,30,31,FR,2013,7
2013-08-01,11,33,23,22,16,61,23,10,25,25,FR,2013,8
2013-09-01,16,46,32,24,22,69,35,11,41,35,FR,2013,9
2013-10-01,17,47,32,25,23,76,34,13,41,38,FR,2013,10
2013-11-01,17,45,33,26,23,74,38,13,41,38,FR,2013,11
2013-12-01,16,41,31,27,20,71,31,13,34,36,FR,2013,12
2014-01-01,18,45,35,29,24,82,34,13,42,42,FR,2014,1
2014-02-01,18,46,37,26,25,82,32,12,43,39,FR,2014,2
2014-03-01,17,40,32,26,22,74,30,12,40,36,FR,2014,3
2014-04-01,17,42,33,27,22,72,31,13,38,37,FR,2014,4
2014-05-01,17,41,32,23,20,76,37,11,36,35,FR,2014,5
2014-06-01,18,40,30,21,22,68,28,10,33,34,FR,2014,6
2014-07-01,13,36,24,21,18,66,26,10,29,29,FR,2014,7
2014-08-01,12,35,20,21,16,65,23,10,26,28,FR,2014,8
2014-09-01,15,41,27,25,19,71,33,10,45,32,FR,2014,9
2014-10-01,17,44,29,33,22,72,35,9,42,37,FR,2014,10
2014-11-01,17,43,30,33,19,72,33,11,40,41,FR,2014,11
2014-12-01,17,37,29,28,20,77,29,11,39,37,FR,2014,12
2015-01-01,20,43,30,26,20,77,31,11,40,38,FR,2015,1
2015-02-01,26,47,30,31,20,84,29,11,39,36,FR,2015,2
2015-03-01,22,44,58,29,22,76,30,10,42,37,FR,2015,3
2015-04-01,20,43,31,30,21,75,28,9,40,35,FR,2015,4
2015-05-01,19,41,33,25,18,74,27,8,35,35,FR,2015,5
2015-06-01,20,43,29,27,20,69,24,8,35,35,FR,2015,6
2015-07-01,17,37,24,23,17,68,22,8,30,30,FR,2015,7
2015-08-01,13,35,22,24,15,67,22,9,27,28,FR,2015,8
2015-09-01,18,48,29,27,20,71,33,8,44,35,FR,2015,9
2015-10-01,18,46,30,28,20,79,31,9,41,37,FR,2015,10
2015-11-01,19,43,35,27,20,72,39,8,44,39,FR,2015,11
2015-12-01,18,42,29,28,19,80,32,10,40,35,FR,2015,12
2016-01-01,22,48,35,25,22,77,31,7,43,39,FR,2016,1
2016-02-01,24,51,37,28,24,84,30,7,51,41,FR,2016,2
2016-03-01,23,49,34,25,22,75,29,6,52,39,FR,2016,3
2016-04-01,22,43,32,26,20,72,29,6,40,35,FR,2016,4
2016-05-01,21,46,35,24,21,74,31,6,41,37,FR,2016,5
2016-06-01,22,46,31,22,20,68,29,5,41,37,FR,2016,6
2016-07-01,17,37,24,22,17,66,24,5,36,29,FR,2016,7
2016-08-01,15,35,23,20,16,56,22,5,30,27,FR,2016,8
2016-09-01,21,45,29,28,18,67,31,5,48,33,FR,2016,9
2016-10-01,22,44,30,28,19,74,32,6,43,38,FR,2016,10
2016-11-01,23,46,32,44,20,70,33,5,46,40,FR,2016,11
2016-12-01,21,40,27,29,17,71,29,5,44,34,FR,2016,12
2017-01-01,25,52,34,31,20,80,35,5,48,40,FR,2017,1
2017-02-01,24,44,30,32,20,73,28,5,46,36,FR,2017,2
2017-03-01,27,47,33,28,19,70,29,5,49,37,FR,2017,3
2017-04-01,25,42,31,29,18,68,34,5,44,35,FR,2017,4
2017-05-01,26,43,37,28,19,76,35,5,41,37,FR,2017,5
2017-06-01,25,47,30,31,19,75,36,4,43,34,FR,2017,6
2017-07-01,23,43,28,23,17,71,32,5,39,32,FR,2017,7
2017-08-01,20,37,31,25,15,73,29,5,33,31,FR,2017,8
2017-09-01,24,49,33,29,20,81,39,5,49,35,FR,2017,9
2017-10-01,27,49,31,28,19,82,37,4,46,37,FR,2017,10
2017-11-01,28,46,34,28,19,77,40,5,49,42,FR,2017,11
2017-12-01,26,41,26,30,15,82,32,5,48,32,FR,2017,12
2018-01-01,27,48,36,31,19,87,37,5,45,40,FR,2018,1
2018-02-01,26,47,31,47,17,82,31,4,43,35,FR,2018,2
2018-03-01,28,48,34,32,21,91,31,4,42,40,FR,2018,3
2018-04-01,25,42,42,32,16,75,36,4,38,34,FR,2018,4
2018-05-01,24,43,33,26,15,77,37,4,38,35,FR,2018,5
2018-06-01,25,44,32,24,17,72,38,4,38,33,FR,2018,6
2018-07-01,21,39,29,26,15,69,35,3,34,31,FR,2018,7
2018-08-01,19,40,25,26,14,72,59,3,30,29,FR,2018,8
2018-09-01,22,50,33,31,17,79,43,4,43,35,FR,2018,9
2018-10-01,27,48,36,36,18,76,37,4,42,37,FR,2018,10
2018-11-01,29,49,41,33,18,78,43,4,45,38,FR,2018,11
2018-12-01,23,41,33,29,14,75,37,4,38,35,FR,2018,12
2019-01-01,24,50,37,39,17,86,39,4,41,37,FR,2019,1
2019-02-01,26,49,38,28,18,88,34,4,40,35,FR,2019,2
2019-03-01,26,49,42,28,18,81,35,4,40,37,FR,2019,3
2019-04-01,27,48,38,27,18,81,40,3,36,36,FR,2019,4
2019-05-01,24,47,37,30,16,75,39,3,35,34,FR,2019,5
2019-06-01,24,48,38,26,16,76,40,3,34,33,FR,2019,6
2019-07-01,24,45,35,45,15,72,35,3,32,28,FR,2019,7
2019-08-01,19,39,31,28,13,70,30,3,27,28,FR,2019,8
2019-09-01,24,53,37,32,17,74,36,3,40,34,FR,2019,9
2019-10-01,27,52,39,28,18,81,39,3,41,36,FR,2019,10
2019-11-01,27,49,45,32,17,84,43,3,41,39,FR,2019,11
2019-12-01,22,45,39,27,13,84,34,3,36,33,FR,2019,12
2020-01-01,26,52,46,31,18,91,42,4,43,36,FR,2020,1
2020-02-01,26,46,40,27,17,91,36,4,37,36,FR,2020,2
2020-03-01,24,44,41,32,16,83,48,6,34,34,FR,2020,3
2020-04-01,25,40,35,41,16,75,48,5,31,37,FR,2020,4
2020-05-01,26,46,43,88,14,75,38,4,35,39,FR,2020,5
2020-06-01,24,49,41,38,16,76,41,3,34,37,FR,2020,6
2020-07-01,22,44,33,29,15,77,40,3,30,33,FR,2020,7
2020-08-01,18,40,29,31,11,72,36,3,26,29,FR,2020,8
2020-09-01,21,54,46,29,15,74,43,3,39,36,FR,2020,9
2020-10-01,21,46,41,29,14,72,47,3,37,36,FR,2020,10
2020-11-01,22,50,48,33,15,76,50,4,38,41,FR,2020,11
2020-12-01,21,48,43,34,12,77,47,4,36,40,FR,2020,12
2005-01-01,84,94,64,59,95,78,86,100,91,98,GB,2005,1
2005-02-01,86,100,64,49,100,100,87,90,100,100,GB,2005,2
2005-03-01,91,95,59,38,86,84,77,88,91,92,GB,2005,3
2005-04-01,87,96,59,42,88,84,74,81,86,95,GB,2005,4
2005-05-01,89,86,61,39,90,81,69,75,86,85,GB,2005,5
2005-06-01,70,95,58,39,84,86,60,73,84,84,GB,2005,6
2005-07-01,62,79,55,77,78,79,53,68,80,79,GB,2005,7
2005-08-01,57,83,47,71,72,78,49,66,75,71,GB,2005,8
2005-09-01,71,87,74,38,84,74,73,62,86,82,GB,2005,9
2005-10-01,77,81,73,37,78,83,92,69,79,77,GB,2005,10
2005-11-01,100,98,83,39,97,87,100,73,94,95,GB,2005,11
2005-12-01,72,65,49,32,70,71,55,68,69,66,GB,2005,12
2006-01-01,77,91,72,47,85,80,81,67,84,83,GB,2006,1
2006-02-01,84,89,89,41,78,88,85,60,77,86,GB,2006,2
2006-03-01,83,88,100,44,81,90,86,58,79,100,GB,2006,3
2006-04-01,67,76,79,29,67,78,57,54,67,65,GB,2006,4
2006-05-01,77,81,83,30,73,78,73,48,71,79,GB,2006,5
2006-06-01,65,81,79,30,73,83,56,50,70,72,GB,2006,6
2006-07-01,55,74,82,51,69,86,47,50,66,69,GB,2006,7
2006-08-01,56,78,80,27,70,79,45,52,66,61,GB,2006,8
2006-09-01,60,76,80,42,67,79,71,55,68,69,GB,2006,9
2006-10-01,58,73,82,30,70,80,77,58,68,62,GB,2006,10
2006-11-01,64,82,88,31,74,76,81,54,74,94,GB,2006,11
2006-12-01,52,62,52,38,55,73,57,54,56,57,GB,2006,12
2007-01-01,59,79,78,35,70,79,80,61,72,82,GB,2007,1
2007-02-01,59,76,84,34,73,82,99,57,71,78,GB,2007,2
2007-03-01,64,76,73,35,67,83,81,51,66,79,GB,2007,3
2007-04-01,58,67,69,48,63,74,61,50,55,63,GB,2007,4
2007-05-01,57,65,73,26,61,75,74,44,59,63,GB,2007,5
2007-06-01,49,68,68,33,66,82,69,42,57,64,GB,2007,6
2007-07-01,44,74,59,26,62,75,49,42,60,58,GB,2007,7
2007-08-01,44,63,51,33,63,74,47,43,56,59,GB,2007,8
2007-09-01,40,61,56,26,53,66,61,40,60,57,GB,2007,9
2007-10-01,49,64,63,31,66,79,82,44,68,77,GB,2007,10
2007-11-01,54,65,67,31,66,76,73,41,72,73,GB,2007,11
2007-12-01,42,53,52,25,46,57,48,38,47,51,GB,2007,12
2008-01-01,46,66,67,30,55,78,63,42,67,64,GB,2008,1
2008-02-01,47,63,65,33,63,75,62,40,58,63,GB,2008,2
2008-03-01,43,59,59,24,50,67,55,39,52,58,GB,2008,3
2008-04-01,44,61,58,23,60,70,59,37,61,64,GB,2008,4
2008-05-01,43,55,72,30,51,66,56,40,52,58,GB,2008,5
2008-06-01,37,59,70,27,49,68,55,37,51,56,GB,2008,6
2008-07-01,34,58,66,25,47,65,43,40,52,58,GB,2008,7
2008-08-01,32,59,53,20,45,64,44,44,51,58,GB,2008,8
2008-09-01,30,55,53,23,47,61,55,34,56,53,GB,2008,9
2008-10-01,37,64,63,24,54,68,61,35,62,56,GB,2008,10
2008-11-01,38,58,57,24,46,67,58,35,63,56,GB,2008,11
2008-12-01,30,47,41,20,38,61,40,36,47,49,GB,2008,12
2009-01-01,31,56,56,21,43,64,52,36,59,50,GB,2009,1
2009-02-01,36,56,48,21,47,68,56,33,54,56,GB,2009,2
2009-03-01,37,61,53,25,49,68,62,35,57,56,GB,2009,3
2009-04-01,35,54,46,18,41,71,50,33,53,54,GB,2009,4
2009-05-01,34,54,48,23,41,66,52,29,55,52,GB,2009,5
2009-06-01,30,54,43,23,43,66,41,28,54,54,GB,2009,6
2009-07-01,27,55,42,38,42,66,38,28,51,50,GB,2009,7
2009-08-01,25,52,41,17,38,66,37,29,54,47,GB,2009,8
2009-09-01,27,57,44,19,41,65,47,29,53,53,GB,2009,9
2009-10-01,29,66,48,23,41,75,52,31,56,56,GB,2009,10
2009-11-01,34,64,52,23,43,64,59,31,57,58,GB,2009,11
2009-12-01,27,49,38,17,35,59,35,27,41,46,GB,2009,12
2010-01-01,29,57,43,20,40,65,44,29,53,52,GB,2010,1
2010-02-01,32,58,48,20,44,68,49,30,55,54,GB,2010,2
2010-03-01,32,62,52,20,44,70,47,29,59,59,GB,2010,3
2010-04-01,29,57,44,20,36,67,43,29,47,54,GB,2010,4
2010-05-01,33,53,44,18,36,62,38,22,48,48,GB,2010,5
2010-06-01,27,54,42,17,38,64,38,23,47,50,GB,2010,6
2010-07-01,24,57,40,17,33,68,29,23,44,43,GB,2010,7
2010-08-01,21,55,40,15,35,69,32,24,43,44,GB,2010,8
2010-09-01,23,55,42,17,34,67,39,22,46,47,GB,2010,9
2010-10-01,26,59,47,18,35,64,44,22,50,48,GB,2010,10
2010-11-01,28,65,49,19,35,69,47,22,58,56,GB,2010,11
2010-12-01,23,46,32,16,26,60,29,19,43,38,GB,2010,12
2011-01-01,28,52,48,21,31,74,42,19,50,46,GB,2011,1
2011-02-01,28,57,54,22,31,70,40,19,46,47,GB,2011,2
2011-03-01,31,52,53,25,33,68,42,20,44,49,GB,2011,3
2011-04-01,27,46,46,26,27,66,35,17,37,41,GB,2011,4
2011-05-01,31,51,55,26,32,67,41,19,43,45,GB,2011,5
2011-06-01,25,49,58,22,30,70,32,16,41,43,GB,2011,6
2011-07-01,24,52,56,32,30,72,31,14,44,42,GB,2011,7
2011-08-01,21,45,48,22,24,72,24,12,40,38,GB,2011,8
2011-09-01,23,50,53,30,28,62,36,13,41,40,GB,2011,9
2011-10-01,27,49,57,19,28,68,41,12,41,42,GB,2011,10
2011-11-01,31,54,59,22,28,72,40,13,47,48,GB,2011,11
2011-12-01,24,44,37,18,24,63,29,12,40,39,GB,2011,12
2012-01-01,29,46,52,26,27,75,40,13,45,47,GB,2012,1
2012-02-01,27,49,49,22,28,75,36,11,44,50,GB,2012,2
2012-03-01,28,47,48,19,29,68,36,11,42,46,GB,2012,3
2012-04-01,27,44,43,20,28,77,36,11,38,44,GB,2012,4
2012-05-01,29,50,43,20,29,73,38,10,40,46,GB,2012,5
2012-06-01,20,44,37,16,23,68,24,10,35,36,GB,2012,6
2012-07-01,19,49,34,16,23,65,21,11,34,39,GB,2012,7
2012-08-01,18,45,33,29,23,67,21,11,35,35,GB,2012,8
2012-09-01,20,47,38,21,24,69,33,11,42,43,GB,2012,9
2012-10-01,26,48,45,24,27,78,37,12,45,43,GB,2012,10
2012-11-01,27,48,42,19,26,76,38,11,48,42,GB,2012,11
2012-12-01,21,43,31,24,21,71,29,11,41,39,GB,2012,12
2013-01-01,20,48,35,19,22,0,35,11,44,39,GB,2013,1
2013-02-01,23,49,38,22,24,0,38,10,44,45,GB,2013,2
2013-03-01,27,47,38,21,25,0,34,10,42,41,GB,2013,3
2013-04-01,26,45,37,20,23,0,33,11,41,42,GB,2013,4
2013-05-01,26,45,38,24,24,0,31,10,38,40,GB,2013,5
2013-06-01,20,43,38,22,23,0,28,9,36,39,GB,2013,6
2013-07-01,18,40,33,19,22,0,23,8,37,33,GB,2013,7
2013-08-01,17,41,32,19,18,0,22,10,35,32,GB,2013,8
2013-09-01,17,41,35,19,21,0,31,9,42,35,GB,2013,9
2013-10-01,20,45,46,21,22,0,32,10,47,38,GB,2013,10
2013-11-01,27,49,45,22,23,0,38,10,48,42,GB,2013,11
2013-12-01,20,41,31,22,20,0,25,10,36,35,GB,2013,12
2014-01-01,23,46,38,22,22,0,37,11,43,42,GB,2014,1
2014-02-01,23,49,38,20,24,0,33,9,41,41,GB,2014,2
2014-03-01,25,46,37,24,23,0,35,9,39,37,GB,2014,3
2014-04-01,22,46,33,21,21,0,32,10,36,36,GB,2014,4
2014-05-01,31,45,36,21,23,0,33,9,40,39,GB,2014,5
2014-06-01,24,45,35,19,20,0,27,11,36,37,GB,2014,6
2014-07-01,18,40,32,20,21,0,22,8,37,35,GB,2014,7
2014-08-01,17,48,31,19,22,0,22,9,37,33,GB,2014,8
2014-09-01,20,43,31,18,21,0,30,9,37,35,GB,2014,9
2014-10-01,24,48,34,22,24,0,33,10,49,37,GB,2014,10
2014-11-01,33,48,35,22,21,0,31,9,44,38,GB,2014,11
2014-12-01,23,44,28,29,18,0,26,9,40,32,GB,2014,12
2015-01-01,28,51,33,21,21,0,33,9,48,38,GB,2015,1
2015-02-01,29,49,35,20,21,0,33,10,47,39,GB,2015,2
2015-03-01,28,50,37,19,22,0,32,8,43,38,GB,2015,3
2015-04-01,27,47,37,19,21,0,34,9,43,38,GB,2015,4
2015-05-01,27,47,37,18,19,0,32,8,39,35,GB,2015,5
2015-06-01,21,48,32,18,20,0,27,8,39,35,GB,2015,6
2015-07-01,21,44,31,23,19,0,21,8,39,34,GB,2015,7
2015-08-01,19,43,27,19,17,0,18,9,36,28,GB,2015,8
2015-09-01,24,46,33,21,21,0,31,8,42,32,GB,2015,9
2015-10-01,27,45,33,20,20,0,32,7,50,34,GB,2015,10
2015-11-01,26,49,33,19,20,0,32,8,45,37,GB,2015,11
2015-12-01,23,44,27,39,17,0,25,7,38,37,GB,2015,12
2016-01-01,29,46,29,30,18,0,33,6,47,33,GB,2016,1
2016-02-01,27,52,32,25,23,0,33,6,61,36,GB,2016,2
2016-03-01,29,43,29,18,17,0,29,6,53,33,GB,2016,3
2016-04-01,27,45,32,21,18,0,33,5,47,33,GB,2016,4
2016-05-01,29,46,32,19,19,0,32,5,47,34,GB,2016,5
2016-06-01,22,46,27,20,19,0,27,5,46,31,GB,2016,6
2016-07-01,20,44,26,18,18,0,21,5,48,28,GB,2016,7
2016-08-01,20,46,26,16,16,0,19,4,45,27,GB,2016,8
2016-09-01,24,45,27,19,20,0,29,5,51,30,GB,2016,9
2016-10-01,28,48,30,19,18,0,32,5,56,33,GB,2016,10
2016-11-01,32,49,31,23,20,0,33,5,62,35,GB,2016,11
2016-12-01,26,44,23,18,15,0,24,5,46,28,GB,2016,12
2017-01-01,32,51,30,22,19,0,34,5,55,35,GB,2017,1
2017-02-01,33,49,30,21,20,0,33,5,47,35,GB,2017,2
2017-03-01,33,47,36,19,19,0,31,5,56,35,GB,2017,3
2017-04-01,32,48,35,18,17,0,32,5,44,31,GB,2017,4
2017-05-01,36,51,39,18,17,0,34,6,48,33,GB,2017,5
2017-06-01,29,46,33,18,18,0,27,5,47,32,GB,2017,6
2017-07-01,28,45,31,20,18,0,22,5,48,33,GB,2017,7
2017-08-01,26,50,32,18,17,0,20,5,45,29,GB,2017,8
2017-09-01,28,47,31,20,19,0,29,5,56,34,GB,2017,9
2017-10-01,34,48,32,19,18,0,32,5,49,35,GB,2017,10
2017-11-01,39,53,31,19,20,0,32,5,55,39,GB,2017,11
2017-12-01,28,45,26,21,14,0,24,5,44,30,GB,2017,12
2018-01-01,36,50,31,21,18,0,33,5,58,40,GB,2018,1
2018-02-01,36,51,29,35,18,0,27,4,74,33,GB,2018,2
2018-03-01,36,55,32,21,18,0,30,4,49,34,GB,2018,3
2018-04-01,36,47,31,18,17,0,27,4,40,31,GB,2018,4
2018-05-01,36,49,33,20,19,0,30,4,42,33,GB,2018,5
2018-06-01,32,49,32,18,17,0,25,4,39,30,GB,2018,6
2018-07-01,27,51,30,20,14,0,21,4,41,29,GB,2018,7
2018-08-01,29,46,28,19,16,0,18,4,39,28,GB,2018,8
2018-09-01,30,60,29,20,17,0,27,4,44,29,GB,2018,9
2018-10-01,30,49,28,24,17,0,29,4,45,32,GB,2018,10
2018-11-01,36,53,35,20,18,0,31,4,52,35,GB,2018,11
2018-12-01,24,48,24,21,13,0,23,4,35,29,GB,2018,12
2019-01-01,32,59,30,21,18,0,31,4,48,34,GB,2019,1
2019-02-01,36,53,30,24,17,0,26,4,51,33,GB,2019,2
2019-03-01,35,49,34,22,17,0,26,4,43,32,GB,2019,3
2019-04-01,33,51,35,18,15,0,26,4,40,32,GB,2019,4
2019-05-01,31,46,35,19,15,0,26,4,35,31,GB,2019,5
2019-06-01,26,52,33,21,15,0,22,4,37,29,GB,2019,6
2019-07-01,27,59,33,39,17,0,19,4,38,29,GB,2019,7
2019-08-01,27,51,29,20,14,0,19,4,36,28,GB,2019,8
2019-09-01,27,52,29,19,16,0,25,4,40,30,GB,2019,9
2019-10-01,32,58,34,20,17,0,29,4,46,35,GB,2019,10
2019-11-01,38,63,36,18,15,0,34,4,52,36,GB,2019,11
2019-12-01,28,55,29,17,13,0,21,4,37,28,GB,2019,12
2020-01-01,33,67,33,20,17,0,29,5,45,36,GB,2020,1
2020-02-01,35,57,33,21,17,0,28,4,41,35,GB,2020,2
2020-03-01,32,59,30,21,15,0,24,7,37,28,GB,2020,3
2020-04-01,33,59,41,36,14,0,23,6,33,30,GB,2020,4
2020-05-01,34,78,45,100,15,0,27,6,44,33,GB,2020,5
2020-06-01,32,89,46,29,16,0,25,5,43,33,GB,2020,6
2020-07-01,29,74,38,20,16,0,21,4,50,32,GB,2020,7
2020-08-01,36,57,37,23,13,0,19,4,38,28,GB,2020,8
2020-09-01,28,64,33,19,15,0,24,4,45,33,GB,2020,9
2020-10-01,29,61,34,22,15,0,28,4,46,30,GB,2020,10
2020-11-01,31,70,37,21,15,0,29,4,50,36,GB,2020,11
2020-12-01,30,64,33,22,12,0,23,4,43,28,GB,2020,12
2005-01-01,86,74,96,98,98,94,79,100,93,99,CA,2005,1
2005-02-01,100,74,89,81,97,100,86,86,100,100,CA,2005,2
2005-03-01,95,77,91,73,99,88,94,79,98,95,CA,2005,3
2005-04-01,83,67,97,75,88,84,81,67,89,93,CA,2005,4
2005-05-01,73,69,85,68,89,78,69,61,79,88,CA,2005,5
2005-06-01,67,71,79,62,89,72,60,55,81,80,CA,2005,6
2005-07-01,61,56,70,100,78,71,59,48,76,74,CA,2005,7
2005-08-01,62,61,75,78,83,76,56,63,81,75,CA,2005,8
2005-09-01,72,76,83,58,87,75,78,59,75,82,CA,2005,9
2005-10-01,78,91,83,58,77,73,89,55,74,84,CA,2005,10
2005-11-01,92,100,90,63,100,90,100,61,98,100,CA,2005,11
2005-12-01,74,83,67,51,71,81,66,60,74,80,CA,2005,12
2006-01-01,67,78,78,60,82,79,83,60,81,83,CA,2006,1
2006-02-01,77,78,82,55,91,85,80,55,78,84,CA,2006,2
2006-03-01,82,76,90,54,94,85,89,48,79,85,CA,2006,3
2006-04-01,78,67,91,48,82,77,87,42,68,75,CA,2006,4
2006-05-01,54,62,85,45,80,71,79,38,70,72,CA,2006,5
2006-06-01,56,70,72,46,88,75,66,41,77,73,CA,2006,6
2006-07-01,50,56,67,60,79,68,62,42,63,67,CA,2006,7
2006-08-01,48,58,65,45,81,72,56,42,69,67,CA,2006,8
2006-09-01,55,78,65,69,75,77,70,47,66,69,CA,2006,9
2006-10-01,58,85,68,47,78,76,71,47,68,70,CA,2006,10
2006-11-01,61,79,91,41,77,81,76,42,72,70,CA,2006,11
2006-12-01,51,78,69,51,67,79,67,45,59,70,CA,2006,12
2007-01-01,48,71,90,46,76,72,68,48,70,69,CA,2007,1
2007-02-01,59,68,93,52,79,78,74,41,73,71,CA,2007,2
2007-03-01,62,68,100,43,84,80,77,38,71,72,CA,2007,3
2007-04-01,54,57,95,83,72,75,74,37,68,61,CA,2007,4
2007-05-01,43,51,83,39,67,67,63,27,54,56,CA,2007,5
2007-06-01,40,48,72,43,63,66,63,28,54,53,CA,2007,6
2007-07-01,42,49,61,31,67,61,57,29,57,51,CA,2007,7
2007-08-01,38,49,58,50,68,66,58,33,61,55,CA,2007,8
2007-09-01,44,59,61,34,62,65,68,31,57,54,CA,2007,9
2007-10-01,59,68,78,42,70,72,78,30,64,63,CA,2007,10
2007-11-01,57,67,85,42,68,71,77,30,62,65,CA,2007,11
2007-12-01,43,56,61,32,52,59,58,30,48,54,CA,2007,12
2008-01-01,36,56,79,39,59,62,69,30,59,54,CA,2008,1
2008-02-01,44,53,75,46,57,65,65,30,57,55,CA,2008,2
2008-03-01,45,49,71,38,53,65,66,27,50,55,CA,2008,3
2008-04-01,41,47,82,31,53,62,78,24,53,51,CA,2008,4
2008-05-01,33,42,81,51,52,57,54,28,51,48,CA,2008,5
2008-06-01,28,39,73,37,46,54,49,24,43,46,CA,2008,6
2008-07-01,28,38,59,27,47,51,48,24,45,41,CA,2008,7
2008-08-01,25,38,52,25,45,53,44,31,45,41,CA,2008,8
2008-09-01,30,46,62,28,47,54,54,23,45,43,CA,2008,9
2008-10-01,32,50,63,27,46,55,76,21,50,47,CA,2008,10
2008-11-01,36,52,66,29,44,54,56,23,45,45,CA,2008,11
2008-12-01,29,47,53,24,40,49,53,23,41,43,CA,2008,12
2009-01-01,29,44,70,29,40,56,59,22,44,44,CA,2009,1
2009-02-01,33,45,64,32,44,60,61,21,48,48,CA,2009,2
2009-03-01,37,43,70,39,43,62,65,24,47,49,CA,2009,3
2009-04-01,33,40,82,27,44,59,60,23,43,43,CA,2009,4
2009-05-01,24,36,61,32,39,54,48,17,38,36,CA,2009,5
2009-06-01,22,33,52,28,39,54,46,14,38,36,CA,2009,6
2009-07-01,23,33,48,50,37,54,39,14,39,34,CA,2009,7
2009-08-01,22,31,45,26,36,56,39,16,36,34,CA,2009,8
2009-09-01,25,38,51,29,36,58,47,16,38,36,CA,2009,9
2009-10-01,32,48,55,40,39,67,56,16,40,41,CA,2009,10
2009-11-01,33,47,57,30,39,64,52,17,41,47,CA,2009,11
2009-12-01,25,41,49,24,32,54,41,18,36,41,CA,2009,12
2010-01-01,29,39,55,26,37,64,45,17,36,41,CA,2010,1
2010-02-01,29,37,51,27,38,58,50,16,39,45,CA,2010,2
2010-03-01,35,35,59,24,39,62,53,16,41,47,CA,2010,3
2010-04-01,28,35,60,30,39,56,55,15,39,42,CA,2010,4
2010-05-01,21,32,50,26,32,51,39,12,33,38,CA,2010,5
2010-06-01,23,32,50,22,36,49,39,11,37,36,CA,2010,6
2010-07-01,18,26,42,18,32,58,32,12,32,29,CA,2010,7
2010-08-01,19,28,41,18,31,56,33,12,32,31,CA,2010,8
2010-09-01,24,36,42,19,31,49,40,11,31,34,CA,2010,9
2010-10-01,28,42,48,24,34,53,44,11,32,39,CA,2010,10
2010-11-01,28,44,47,25,33,48,45,11,37,42,CA,2010,11
2010-12-01,23,36,37,24,27,48,36,11,30,37,CA,2010,12
2011-01-01,27,48,51,30,33,68,46,12,36,46,CA,2011,1
2011-02-01,30,41,54,32,36,59,47,11,36,44,CA,2011,2
2011-03-01,28,43,52,33,34,60,49,11,36,47,CA,2011,3
2011-04-01,28,42,56,35,34,62,51,15,38,45,CA,2011,4
2011-05-01,23,35,52,30,31,59,41,11,35,42,CA,2011,5
2011-06-01,22,31,48,26,29,55,40,9,33,38,CA,2011,6
2011-07-01,22,28,47,33,28,52,38,9,33,36,CA,2011,7
2011-08-01,20,30,44,29,28,53,35,8,32,37,CA,2011,8
2011-09-01,26,42,48,41,30,55,43,9,33,41,CA,2011,9
2011-10-01,26,54,46,25,29,53,45,8,34,45,CA,2011,10
2011-11-01,28,56,52,28,30,54,43,8,39,48,CA,2011,11
2011-12-01,24,46,40,27,24,53,39,8,30,44,CA,2011,12
2012-01-01,23,46,49,28,28,60,43,9,37,46,CA,2012,1
2012-02-01,25,45,45,25,29,55,42,7,37,42,CA,2012,2
2012-03-01,25,41,49,24,29,58,42,7,37,45,CA,2012,3
2012-04-01,26,42,52,27,30,59,45,8,37,47,CA,2012,4
2012-05-01,20,37,47,28,28,57,33,6,35,39,CA,2012,5
2012-06-01,21,33,44,22,25,52,33,8,33,39,CA,2012,6
2012-07-01,17,27,37,19,24,49,30,7,30,36,CA,2012,7
2012-08-01,17,32,36,43,23,49,29,6,31,34,CA,2012,8
2012-09-01,22,50,43,30,28,57,37,7,35,39,CA,2012,9
2012-10-01,25,53,44,34,27,53,42,7,42,47,CA,2012,10
2012-11-01,25,54,43,25,26,55,41,7,42,46,CA,2012,11
2012-12-01,22,50,40,33,22,54,34,7,35,42,CA,2012,12
2013-01-01,19,40,40,27,24,57,33,6,38,39,CA,2013,1
2013-02-01,22,44,42,29,25,55,39,7,39,42,CA,2013,2
2013-03-01,24,40,43,28,25,53,39,7,41,44,CA,2013,3
2013-04-01,23,42,45,28,32,53,44,7,44,41,CA,2013,4
2013-05-01,18,35,41,42,23,55,34,6,37,37,CA,2013,5
2013-06-01,18,31,41,29,23,51,33,5,35,34,CA,2013,6
2013-07-01,17,30,42,24,22,50,29,6,36,33,CA,2013,7
2013-08-01,16,30,37,24,21,50,30,6,32,34,CA,2013,8
2013-09-01,19,43,37,23,23,49,34,6,36,35,CA,2013,9
2013-10-01,22,51,42,25,27,50,38,7,38,39,CA,2013,10
2013-11-01,23,53,46,29,26,48,41,7,38,41,CA,2013,11
2013-12-01,19,47,38,26,21,46,33,7,33,37,CA,2013,12
2014-01-01,20,47,43,31,22,49,41,7,39,38,CA,2014,1
2014-02-01,22,40,39,23,24,48,39,6,36,35,CA,2014,2
2014-03-01,23,43,40,26,23,49,38,7,40,38,CA,2014,3
2014-04-01,23,40,45,28,24,46,36,7,39,35,CA,2014,4
2014-05-01,18,33,42,25,22,44,35,6,36,33,CA,2014,5
2014-06-01,19,38,40,23,19,43,29,6,35,30,CA,2014,6
2014-07-01,17,34,32,21,21,41,28,6,29,29,CA,2014,7
2014-08-01,17,35,36,21,19,44,27,6,31,28,CA,2014,8
2014-09-01,19,44,36,23,20,42,31,6,36,31,CA,2014,9
2014-10-01,22,51,37,29,23,46,34,7,38,37,CA,2014,10
2014-11-01,23,50,38,28,22,44,33,6,36,37,CA,2014,11
2014-12-01,22,44,36,26,18,43,28,6,32,34,CA,2014,12
2015-01-01,23,43,38,26,21,47,37,6,36,33,CA,2015,1
2015-02-01,24,43,37,26,21,48,35,6,38,35,CA,2015,2
2015-03-01,24,39,41,22,22,46,35,6,38,37,CA,2015,3
2015-04-01,23,40,44,25,21,45,35,6,37,38,CA,2015,4
2015-05-01,18,33,40,23,19,41,29,5,33,32,CA,2015,5
2015-06-01,18,37,41,24,20,42,27,5,33,32,CA,2015,6
2015-07-01,17,33,35,25,18,41,30,5,29,29,CA,2015,7
2015-08-01,16,32,44,23,19,40,25,5,30,28,CA,2015,8
2015-09-01,19,45,36,28,20,47,30,5,34,33,CA,2015,9
2015-10-01,23,49,36,24,21,47,36,4,35,36,CA,2015,10
2015-11-01,24,48,41,24,20,44,31,4,35,36,CA,2015,11
2015-12-01,23,47,40,25,17,46,29,4,32,38,CA,2015,12
2016-01-01,20,43,37,28,19,41,33,3,35,32,CA,2016,1
2016-02-01,24,43,50,25,22,47,33,4,41,35,CA,2016,2
2016-03-01,25,38,39,21,19,44,29,3,40,33,CA,2016,3
2016-04-01,23,41,39,26,20,42,31,3,38,33,CA,2016,4
2016-05-01,19,33,40,22,19,43,26,3,37,32,CA,2016,5
2016-06-01,19,32,42,22,19,42,25,3,37,31,CA,2016,6
2016-07-01,18,30,36,21,18,42,20,3,36,26,CA,2016,7
2016-08-01,16,34,34,19,17,40,21,3,39,27,CA,2016,8
2016-09-01,21,47,32,23,17,43,30,3,41,27,CA,2016,9
2016-10-01,25,48,39,21,17,43,29,3,41,33,CA,2016,10
2016-11-01,27,48,39,26,20,42,30,3,41,36,CA,2016,11
2016-12-01,23,45,33,19,16,40,27,3,38,31,CA,2016,12
2017-01-01,26,45,45,23,20,47,29,3,40,33,CA,2017,1
2017-02-01,29,44,40,27,20,47,30,3,41,33,CA,2017,2
2017-03-01,33,45,41,22,22,47,31,3,46,36,CA,2017,3
2017-04-01,35,43,41,25,20,46,33,3,42,35,CA,2017,4
2017-05-01,24,39,42,22,20,46,26,3,40,32,CA,2017,5
2017-06-01,25,34,42,22,20,45,26,3,39,31,CA,2017,6
2017-07-01,23,35,35,21,18,47,29,3,38,28,CA,2017,7
2017-08-01,22,34,42,23,18,46,24,3,37,27,CA,2017,8
2017-09-01,28,46,34,22,19,44,32,3,38,30,CA,2017,9
2017-10-01,36,48,45,20,20,45,31,3,37,32,CA,2017,10
2017-11-01,39,52,44,23,19,48,31,3,41,39,CA,2017,11
2017-12-01,31,48,35,26,16,47,27,3,38,32,CA,2017,12
2018-01-01,32,45,41,29,19,48,36,3,38,33,CA,2018,1
2018-02-01,35,42,39,42,19,48,27,3,41,30,CA,2018,2
2018-03-01,38,44,37,23,21,52,30,3,39,32,CA,2018,3
2018-04-01,35,41,44,24,20,48,30,3,33,30,CA,2018,4
2018-05-01,29,35,46,25,18,47,28,2,35,29,CA,2018,5
2018-06-01,28,35,39,20,18,44,25,2,35,28,CA,2018,6
2018-07-01,25,33,40,25,17,44,26,2,33,28,CA,2018,7
2018-08-01,27,32,36,21,18,43,23,2,33,26,CA,2018,8
2018-09-01,31,44,41,27,18,44,28,3,36,27,CA,2018,9
2018-10-01,36,47,37,28,20,48,34,2,33,31,CA,2018,10
2018-11-01,37,52,43,29,21,50,30,2,38,34,CA,2018,11
2018-12-01,32,48,41,28,15,45,25,2,34,28,CA,2018,12
2019-01-01,30,47,37,30,18,49,31,3,37,31,CA,2019,1
2019-02-01,34,46,41,28,19,49,32,2,35,30,CA,2019,2
2019-03-01,33,44,38,26,21,50,29,2,38,29,CA,2019,3
2019-04-01,38,44,80,25,18,52,29,2,37,31,CA,2019,4
2019-05-01,31,36,38,23,17,43,25,2,33,28,CA,2019,5
2019-06-01,26,38,36,22,18,43,22,2,32,28,CA,2019,6
2019-07-01,27,33,38,30,17,45,22,2,31,26,CA,2019,7
2019-08-01,26,36,34,21,16,45,23,2,32,27,CA,2019,8
2019-09-01,33,48,35,26,18,47,28,2,33,28,CA,2019,9
2019-10-01,37,51,42,22,18,48,31,2,36,31,CA,2019,10
2019-11-01,37,57,98,24,18,50,29,2,37,34,CA,2019,11
2019-12-01,29,49,37,21,14,45,24,3,31,30,CA,2019,12
2020-01-01,29,48,48,26,18,56,28,3,36,31,CA,2020,1
2020-02-01,36,46,41,22,17,50,29,3,33,29,CA,2020,2
2020-03-01,31,32,36,22,17,48,44,4,30,25,CA,2020,3
2020-04-01,32,28,40,28,17,42,32,4,33,28,CA,2020,4
2020-05-01,32,33,40,69,18,44,30,3,35,36,CA,2020,5
2020-06-01,31,33,43,30,17,40,28,2,36,29,CA,2020,6
2020-07-01,30,35,37,25,16,42,25,2,35,29,CA,2020,7
2020-08-01,26,39,35,25,14,41,24,2,32,27,CA,2020,8
2020-09-01,25,47,33,25,17,42,27,2,34,26,CA,2020,9
2020-10-01,28,44,38,27,15,42,27,2,35,28,CA,2020,10
2020-11-01,28,46,39,27,14,43,26,2,34,30,CA,2020,11
2020-12-01,26,48,34,27,12,42,27,2,35,26,CA,2020,12
2005-01-01,74,100,90,69,97,89,100,100,100,100,CH,2005,1
2005-02-01,88,93,76,49,100,100,97,90,87,99,CH,2005,2
2005-03-01,86,87,78,44,84,78,88,89,88,89,CH,2005,3
2005-04-01,90,96,73,41,79,86,91,79,93,86,CH,2005,4
2005-05-01,98,82,77,42,84,80,87,71,78,80,CH,2005,5
2005-06-01,94,97,81,42,84,82,97,71,73,83,CH,2005,6
2005-07-01,74,82,82,81,80,80,68,67,72,70,CH,2005,7
2005-08-01,76,86,92,100,80,78,68,71,82,75,CH,2005,8
2005-09-01,79,77,97,49,85,78,85,65,80,77,CH,2005,9
2005-10-01,65,73,74,46,72,73,74,65,74,73,CH,2005,10
2005-11-01,100,87,85,45,94,81,87,75,82,95,CH,2005,11
2005-12-01,61,63,73,35,69,73,68,74,66,68,CH,2005,12
2006-01-01,76,84,81,45,82,79,83,72,71,78,CH,2006,1
2006-02-01,63,74,80,43,77,86,86,72,86,67,CH,2006,2
2006-03-01,84,82,83,38,83,87,77,56,77,81,CH,2006,3
2006-04-01,76,71,83,35,70,78,65,55,69,67,CH,2006,4
2006-05-01,77,74,89,28,74,77,74,51,71,75,CH,2006,5
2006-06-01,71,67,76,33,76,84,68,50,83,66,CH,2006,6
2006-07-01,59,79,77,36,68,80,58,45,59,61,CH,2006,7
2006-08-01,68,83,79,34,74,87,62,57,75,60,CH,2006,8
2006-09-01,64,77,69,41,72,79,64,52,75,69,CH,2006,9
2006-10-01,55,70,67,29,64,73,60,54,69,62,CH,2006,10
2006-11-01,67,78,81,36,76,77,72,57,75,69,CH,2006,11
2006-12-01,64,59,71,35,62,72,59,59,59,61,CH,2006,12
2007-01-01,68,77,86,37,68,80,69,64,74,70,CH,2007,1
2007-02-01,75,68,92,36,67,85,69,57,67,67,CH,2007,2
2007-03-01,70,73,96,33,68,78,70,57,74,67,CH,2007,3
2007-04-01,72,66,80,57,63,71,60,48,64,52,CH,2007,4
2007-05-01,53,74,88,26,62,68,57,44,59,58,CH,2007,5
2007-06-01,65,65,79,27,63,71,64,40,67,61,CH,2007,6
2007-07-01,52,68,70,23,60,69,50,38,64,49,CH,2007,7
2007-08-01,58,73,78,29,66,70,54,47,73,56,CH,2007,8
2007-09-01,50,61,76,28,55,59,50,42,65,54,CH,2007,9
2007-10-01,67,69,93,26,63,67,64,45,69,55,CH,2007,10
2007-11-01,60,61,100,29,64,66,63,47,73,55,CH,2007,11
2007-12-01,42,49,74,26,49,61,47,41,63,44,CH,2007,12
2008-01-01,45,63,85,26,52,64,59,47,67,57,CH,2008,1
2008-02-01,45,60,85,34,54,66,53,48,68,51,CH,2008,2
2008-03-01,42,56,82,27,48,57,48,47,61,47,CH,2008,3
2008-04-01,44,56,87,25,50,64,49,43,70,49,CH,2008,4
2008-05-01,45,52,83,30,45,57,51,40,61,46,CH,2008,5
2008-06-01,39,54,82,23,45,58,49,35,59,42,CH,2008,6
2008-07-01,40,54,67,19,44,57,41,42,53,37,CH,2008,7
2008-08-01,39,55,78,20,45,54,43,44,65,43,CH,2008,8
2008-09-01,34,50,74,21,41,50,41,36,60,41,CH,2008,9
2008-10-01,48,52,70,18,43,51,51,36,63,47,CH,2008,10
2008-11-01,41,50,80,21,42,50,47,35,65,47,CH,2008,11
2008-12-01,39,42,53,19,40,48,40,38,61,40,CH,2008,12
2009-01-01,40,49,64,21,39,53,49,35,63,43,CH,2009,1
2009-02-01,46,53,64,23,40,55,44,33,60,45,CH,2009,2
2009-03-01,44,49,71,19,42,52,51,34,65,45,CH,2009,3
2009-04-01,32,49,68,16,39,51,42,28,54,38,CH,2009,4
2009-05-01,41,45,74,20,37,49,46,24,60,36,CH,2009,5
2009-06-01,42,42,61,15,36,48,39,20,58,34,CH,2009,6
2009-07-01,25,42,56,27,35,43,33,19,53,33,CH,2009,7
2009-08-01,30,45,58,17,35,47,37,23,55,34,CH,2009,8
2009-09-01,34,44,63,18,34,43,42,22,56,36,CH,2009,9
2009-10-01,40,45,55,19,35,44,44,28,55,35,CH,2009,10
2009-11-01,39,45,64,17,37,51,45,27,65,41,CH,2009,11
2009-12-01,33,38,48,15,31,42,34,25,61,30,CH,2009,12
2010-01-01,29,44,52,18,32,44,43,26,57,36,CH,2010,1
2010-02-01,34,41,53,15,33,43,35,20,56,35,CH,2010,2
2010-03-01,39,43,58,14,33,46,40,23,57,38,CH,2010,3
2010-04-01,33,39,49,15,31,42,33,19,50,33,CH,2010,4
2010-05-01,35,41,52,14,30,42,37,16,51,30,CH,2010,5
2010-06-01,34,41,50,13,32,43,34,15,52,34,CH,2010,6
2010-07-01,28,34,42,11,27,39,28,13,45,26,CH,2010,7
2010-08-01,25,39,46,12,30,42,30,17,54,30,CH,2010,8
2010-09-01,27,37,46,12,29,40,32,14,51,30,CH,2010,9
2010-10-01,41,37,45,14,28,40,35,15,51,29,CH,2010,10
2010-11-01,32,40,54,13,30,43,39,15,58,35,CH,2010,11
2010-12-01,24,31,37,14,25,39,31,13,57,27,CH,2010,12
2011-01-01,31,41,49,18,31,58,41,20,63,35,CH,2011,1
2011-02-01,31,44,50,18,31,59,37,20,60,33,CH,2011,2
2011-03-01,30,43,67,17,30,57,37,17,59,34,CH,2011,3
2011-04-01,32,42,67,16,28,53,39,17,54,33,CH,2011,4
2011-05-01,33,46,65,16,32,57,40,17,59,32,CH,2011,5
2011-06-01,28,39,63,14,26,45,37,16,53,30,CH,2011,6
2011-07-01,24,35,54,17,26,52,32,14,58,30,CH,2011,7
2011-08-01,25,34,50,14,26,49,31,12,57,28,CH,2011,8
2011-09-01,30,41,54,19,29,51,35,12,62,31,CH,2011,9
2011-10-01,33,37,50,15,28,50,33,14,60,29,CH,2011,10
2011-11-01,33,44,58,17,30,50,38,14,75,32,CH,2011,11
2011-12-01,27,37,46,16,25,47,34,13,79,29,CH,2011,12
2012-01-01,32,38,49,18,29,55,39,15,75,32,CH,2012,1
2012-02-01,25,40,51,16,27,52,32,13,64,31,CH,2012,2
2012-03-01,30,40,52,16,29,52,36,11,62,29,CH,2012,3
2012-04-01,29,41,54,14,26,53,36,14,64,30,CH,2012,4
2012-05-01,30,38,50,15,26,55,34,12,62,29,CH,2012,5
2012-06-01,24,36,47,12,27,51,34,12,59,29,CH,2012,6
2012-07-01,22,34,41,12,23,46,27,13,56,24,CH,2012,7
2012-08-01,24,37,43,21,25,50,29,11,60,26,CH,2012,8
2012-09-01,28,39,48,13,26,57,34,14,64,29,CH,2012,9
2012-10-01,32,39,45,17,30,54,34,12,66,29,CH,2012,10
2012-11-01,33,38,50,15,30,54,33,12,71,30,CH,2012,11
2012-12-01,28,33,38,16,23,52,34,13,83,27,CH,2012,12
2013-01-01,27,33,38,15,24,54,33,12,63,27,CH,2013,1
2013-02-01,25,38,42,16,25,56,29,11,59,28,CH,2013,2
2013-03-01,26,37,41,16,30,56,32,12,59,27,CH,2013,3
2013-04-01,27,37,40,13,29,53,30,12,56,27,CH,2013,4
2013-05-01,29,34,39,15,22,55,30,10,56,25,CH,2013,5
2013-06-01,23,32,39,13,23,50,32,9,52,25,CH,2013,6
2013-07-01,20,30,34,12,21,49,24,8,47,21,CH,2013,7
2013-08-01,22,32,36,12,22,47,27,9,50,23,CH,2013,8
2013-09-01,24,33,35,12,23,49,26,9,53,24,CH,2013,9
2013-10-01,27,35,38,13,26,51,28,11,56,25,CH,2013,10
2013-11-01,29,35,42,14,23,55,30,11,62,26,CH,2013,11
2013-12-01,21,30,32,13,20,46,29,9,59,24,CH,2013,12
2014-01-01,25,34,37,15,24,52,34,10,58,26,CH,2014,1
2014-02-01,23,33,33,13,24,52,28,9,50,24,CH,2014,2
2014-03-01,24,32,34,14,25,49,28,9,49,24,CH,2014,3
2014-04-01,23,33,35,13,21,49,27,10,48,23,CH,2014,4
2014-05-01,25,34,38,12,23,54,29,8,51,25,CH,2014,5
2014-06-01,23,31,37,11,22,50,29,7,45,23,CH,2014,6
2014-07-01,21,31,32,10,20,49,23,7,47,22,CH,2014,7
2014-08-01,22,35,37,11,20,51,26,9,48,22,CH,2014,8
2014-09-01,25,31,36,12,22,48,27,8,50,22,CH,2014,9
2014-10-01,25,31,34,16,24,51,28,8,52,25,CH,2014,10
2014-11-01,26,34,34,19,21,53,28,9,54,25,CH,2014,11
2014-12-01,21,29,31,15,19,50,30,9,57,22,CH,2014,12
2015-01-01,27,32,31,15,22,52,30,8,52,24,CH,2015,1
2015-02-01,26,32,33,16,24,53,28,9,54,25,CH,2015,2
2015-03-01,30,32,45,14,24,53,30,10,52,24,CH,2015,3
2015-04-01,28,33,37,15,21,52,27,10,49,23,CH,2015,4
2015-05-01,27,33,35,14,19,52,27,10,46,22,CH,2015,5
2015-06-01,24,31,33,12,21,53,26,6,46,21,CH,2015,6
2015-07-01,18,27,28,12,18,46,21,5,38,19,CH,2015,7
2015-08-01,21,31,33,13,20,45,23,7,44,21,CH,2015,8
2015-09-01,23,30,36,14,20,48,25,7,49,22,CH,2015,9
2015-10-01,25,31,30,14,19,47,25,6,46,23,CH,2015,10
2015-11-01,27,30,30,14,19,49,25,6,50,23,CH,2015,11
2015-12-01,26,27,28,14,16,49,26,6,54,23,CH,2015,12
2016-01-01,35,33,30,17,21,52,31,6,56,24,CH,2016,1
2016-02-01,31,35,35,17,22,54,31,6,56,28,CH,2016,2
2016-03-01,31,30,30,15,20,52,28,5,60,23,CH,2016,3
2016-04-01,33,31,35,15,20,50,28,6,52,24,CH,2016,4
2016-05-01,35,32,34,14,19,51,30,5,51,23,CH,2016,5
2016-06-01,35,34,33,14,21,58,30,5,51,23,CH,2016,6
2016-07-01,24,27,28,12,17,50,24,5,45,20,CH,2016,7
2016-08-01,25,29,43,12,17,47,24,5,50,20,CH,2016,8
2016-09-01,28,32,36,15,19,51,26,5,51,22,CH,2016,9
2016-10-01,35,30,32,16,19,50,28,5,55,23,CH,2016,10
2016-11-01,39,32,38,16,23,50,30,5,66,24,CH,2016,11
2016-12-01,29,28,27,13,17,51,27,5,63,21,CH,2016,12
2017-01-01,36,30,30,15,19,55,30,5,52,23,CH,2017,1
2017-02-01,33,31,30,15,21,52,26,4,49,22,CH,2017,2
2017-03-01,37,30,32,15,20,51,28,4,52,22,CH,2017,3
2017-04-01,34,31,33,14,17,48,28,4,47,22,CH,2017,4
2017-05-01,41,32,41,14,20,53,30,5,50,23,CH,2017,5
2017-06-01,38,33,32,14,19,51,28,4,49,22,CH,2017,6
2017-07-01,32,31,30,13,16,52,24,4,45,20,CH,2017,7
2017-08-01,35,31,47,13,18,55,24,4,52,22,CH,2017,8
2017-09-01,35,33,34,14,21,59,28,5,54,24,CH,2017,9
2017-10-01,45,33,31,14,18,55,28,4,46,23,CH,2017,10
2017-11-01,51,35,34,16,22,61,31,5,70,26,CH,2017,11
2017-12-01,37,28,27,16,16,58,30,4,67,21,CH,2017,12
2018-01-01,45,34,28,17,19,65,33,5,59,25,CH,2018,1
2018-02-01,41,34,27,22,18,57,27,4,47,23,CH,2018,2
2018-03-01,47,34,33,16,20,66,31,4,52,26,CH,2018,3
2018-04-01,41,32,29,14,16,54,26,4,45,20,CH,2018,4
2018-05-01,43,32,31,14,17,57,29,4,50,21,CH,2018,5
2018-06-01,37,31,28,13,17,55,27,4,45,20,CH,2018,6
2018-07-01,32,30,27,13,15,52,22,3,42,19,CH,2018,7
2018-08-01,33,31,42,13,16,54,28,4,48,19,CH,2018,8
2018-09-01,35,31,36,13,17,57,27,4,55,22,CH,2018,9
2018-10-01,44,31,28,18,16,58,28,4,56,22,CH,2018,10
2018-11-01,46,34,32,19,21,64,31,4,77,26,CH,2018,11
2018-12-01,33,28,26,17,14,59,31,4,63,22,CH,2018,12
2019-01-01,43,34,31,18,17,69,32,4,58,25,CH,2019,1
2019-02-01,37,33,30,17,19,68,25,4,48,23,CH,2019,2
2019-03-01,45,34,33,16,19,63,29,4,54,23,CH,2019,3
2019-04-01,39,34,35,15,18,62,30,4,49,23,CH,2019,4
2019-05-01,43,32,32,15,17,59,28,4,52,23,CH,2019,5
2019-06-01,36,31,31,16,15,55,25,3,44,20,CH,2019,6
2019-07-01,35,30,28,20,14,55,22,3,43,19,CH,2019,7
2019-08-01,29,30,55,14,14,54,23,3,46,20,CH,2019,8
2019-09-01,37,30,41,15,18,57,26,4,54,22,CH,2019,9
2019-10-01,45,32,33,14,17,60,26,4,55,25,CH,2019,10
2019-11-01,46,34,34,15,17,62,30,4,73,25,CH,2019,11
2019-12-01,30,27,28,14,13,57,30,3,64,21,CH,2019,12
2020-01-01,39,31,36,17,15,69,32,4,55,27,CH,2020,1
2020-02-01,33,29,34,15,17,65,26,4,49,23,CH,2020,2
2020-03-01,33,26,27,12,17,71,30,8,60,25,CH,2020,3
2020-04-01,34,27,31,15,14,52,29,6,57,23,CH,2020,4
2020-05-01,37,31,38,40,14,57,32,4,62,26,CH,2020,5
2020-06-01,37,31,35,18,14,57,33,4,61,24,CH,2020,6
2020-07-01,30,30,31,14,13,57,24,4,51,21,CH,2020,7
2020-08-01,29,29,29,14,13,54,25,5,52,22,CH,2020,8
2020-09-01,30,31,31,13,14,58,28,6,58,23,CH,2020,9
2020-10-01,32,30,30,15,13,57,33,7,57,24,CH,2020,10
2020-11-01,31,31,31,15,12,60,30,5,84,25,CH,2020,11
2020-12-01,27,30,28,15,12,59,46,6,78,22,CH,2020,12
