date,Computational Physics,Biological Research,Environmental Science,Information Technology Infrastructure,Nanobiotechnology,Renewable Resource Engineering,Cognitive Science,Quantum Telecommunications,Country,year,month
2005-01-01,76,45,39,94,98,61,0,100,US,2005,1
2005-02-01,86,0,43,100,100,60,0,91,US,2005,2
2005-03-01,82,100,42,92,97,65,0,92,US,2005,3
2005-04-01,76,0,43,92,95,91,91,90,US,2005,4
2005-05-01,72,0,34,86,88,72,0,82,US,2005,5
2005-06-01,53,0,25,81,89,83,0,76,US,2005,6
2005-07-01,43,0,24,73,88,100,56,76,US,2005,7
2005-08-01,56,0,33,84,95,82,0,79,US,2005,8
2005-09-01,85,0,44,90,91,70,0,73,US,2005,9
2005-10-01,83,0,40,84,91,60,0,66,US,2005,10
2005-11-01,73,0,42,83,82,52,100,67,US,2005,11
2005-12-01,62,0,27,69,77,49,36,66,US,2005,12
2006-01-01,69,0,34,76,81,55,30,84,US,2006,1
2006-02-01,85,0,37,88,90,58,0,78,US,2006,2
2006-03-01,78,52,40,80,84,60,0,85,US,2006,3
2006-04-01,72,0,35,75,80,72,0,78,US,2006,4
2006-05-01,62,0,30,64,74,69,0,66,US,2006,5
2006-06-01,52,0,23,62,72,76,0,66,US,2006,6
2006-07-01,39,0,22,59,73,88,0,69,US,2006,7
2006-08-01,53,0,31,65,81,73,0,72,US,2006,8
2006-09-01,77,0,37,71,72,71,0,70,US,2006,9
2006-10-01,73,0,37,74,70,52,0,56,US,2006,10
2006-11-01,67,0,35,67,70,48,25,68,US,2006,11
2006-12-01,56,0,27,56,62,49,0,63,US,2006,12
2007-01-01,71,25,32,59,71,53,0,87,US,2007,1
2007-02-01,69,0,33,73,72,47,28,83,US,2007,2
2007-03-01,64,0,37,70,73,59,0,76,US,2007,3
2007-04-01,57,0,31,64,71,65,0,79,US,2007,4
2007-05-01,61,0,25,50,65,68,0,68,US,2007,5
2007-06-01,40,0,19,56,62,69,0,66,US,2007,6
2007-07-01,35,0,19,52,63,77,0,69,US,2007,7
2007-08-01,44,11,26,53,70,68,0,71,US,2007,8
2007-09-01,71,0,33,64,64,61,0,64,US,2007,9
2007-10-01,71,0,34,72,65,47,0,73,US,2007,10
2007-11-01,67,9,33,64,64,47,0,63,US,2007,11
2007-12-01,50,0,23,50,54,39,0,60,US,2007,12
2008-01-01,59,0,27,57,59,47,39,68,US,2008,1
2008-02-01,72,0,30,70,64,47,0,74,US,2008,2
2008-03-01,57,0,28,61,56,50,0,69,US,2008,3
2008-04-01,66,23,30,64,57,59,0,74,US,2008,4
2008-05-01,58,0,24,54,53,55,0,56,US,2008,5
2008-06-01,40,0,17,48,53,69,20,59,US,2008,6
2008-07-01,32,0,15,43,53,66,0,56,US,2008,7
2008-08-01,42,0,22,49,54,66,0,62,US,2008,8
2008-09-01,67,0,30,58,52,47,0,59,US,2008,9
2008-10-01,68,0,29,62,52,41,0,63,US,2008,10
2008-11-01,55,0,27,52,49,36,0,56,US,2008,11
2008-12-01,51,0,22,48,47,36,0,55,US,2008,12
2009-01-01,51,0,24,47,46,37,0,63,US,2009,1
2009-02-01,66,0,27,58,52,40,0,66,US,2009,2
2009-03-01,59,0,26,57,49,41,0,67,US,2009,3
2009-04-01,59,0,25,52,49,46,0,60,US,2009,4
2009-05-01,53,6,21,43,44,45,0,59,US,2009,5
2009-06-01,36,0,15,40,43,53,0,55,US,2009,6
2009-07-01,32,0,15,41,43,61,11,61,US,2009,7
2009-08-01,40,0,20,41,45,50,0,56,US,2009,8
2009-09-01,65,7,26,49,46,47,12,59,US,2009,9
2009-10-01,61,6,29,57,41,31,11,61,US,2009,10
2009-11-01,59,0,25,54,42,33,0,58,US,2009,11
2009-12-01,50,0,18,41,39,39,0,51,US,2009,12
2010-01-01,52,0,22,42,40,33,0,63,US,2010,1
2010-02-01,63,0,23,49,43,33,0,61,US,2010,2
2010-03-01,64,0,24,52,44,39,0,67,US,2010,3
2010-04-01,61,0,22,51,45,48,17,63,US,2010,4
2010-05-01,59,0,20,43,40,43,0,57,US,2010,5
2010-06-01,39,8,15,43,40,44,0,59,US,2010,6
2010-07-01,29,16,13,37,38,48,13,59,US,2010,7
2010-08-01,35,0,18,38,41,43,0,57,US,2010,8
2010-09-01,65,0,22,47,41,41,0,60,US,2010,9
2010-10-01,66,0,23,51,41,35,0,59,US,2010,10
2010-11-01,58,0,22,45,39,29,19,56,US,2010,11
2010-12-01,47,0,17,38,32,26,25,52,US,2010,12
2011-01-01,64,0,22,45,41,40,0,74,US,2011,1
2011-02-01,68,0,23,49,43,36,21,63,US,2011,2
2011-03-01,66,0,23,48,42,42,0,61,US,2011,3
2011-04-01,70,0,23,46,45,52,0,56,US,2011,4
2011-05-01,68,0,21,44,40,50,0,59,US,2011,5
2011-06-01,42,0,14,39,40,56,0,61,US,2011,6
2011-07-01,33,0,13,37,36,57,0,59,US,2011,7
2011-08-01,44,0,18,39,41,50,5,56,US,2011,8
2011-09-01,72,0,24,46,43,45,0,58,US,2011,9
2011-10-01,78,3,24,49,41,38,0,57,US,2011,10
2011-11-01,67,0,23,44,39,36,0,52,US,2011,11
2011-12-01,58,0,19,39,37,33,14,56,US,2011,12
2012-01-01,68,0,23,42,40,40,0,72,US,2012,1
2012-02-01,77,0,24,47,44,39,0,62,US,2012,2
2012-03-01,68,0,22,41,39,44,0,61,US,2012,3
2012-04-01,71,0,23,39,41,55,0,69,US,2012,4
2012-05-01,70,0,19,37,40,47,0,61,US,2012,5
2012-06-01,39,0,12,35,36,59,9,59,US,2012,6
2012-07-01,34,0,12,34,36,59,0,61,US,2012,7
2012-08-01,46,2,19,35,38,60,0,63,US,2012,8
2012-09-01,79,0,25,46,37,51,0,61,US,2012,9
2012-10-01,78,0,24,50,37,38,0,59,US,2012,10
2012-11-01,77,0,23,42,37,34,0,65,US,2012,11
2012-12-01,65,0,17,36,32,33,0,57,US,2012,12
2013-01-01,68,0,20,39,35,37,0,60,US,2013,1
2013-02-01,80,0,23,46,40,37,4,63,US,2013,2
2013-03-01,75,0,21,41,39,44,0,63,US,2013,3
2013-04-01,78,0,21,41,40,56,4,61,US,2013,4
2013-05-01,69,0,19,37,37,47,0,56,US,2013,5
2013-06-01,42,0,13,30,34,53,0,54,US,2013,6
2013-07-01,33,2,12,33,35,54,0,60,US,2013,7
2013-08-01,44,0,17,31,35,46,0,55,US,2013,8
2013-09-01,81,2,22,43,37,44,0,52,US,2013,9
2013-10-01,87,0,24,47,39,36,0,58,US,2013,10
2013-11-01,70,0,21,40,35,31,0,54,US,2013,11
2013-12-01,61,3,16,34,34,28,0,55,US,2013,12
2014-01-01,62,0,19,38,36,33,0,67,US,2014,1
2014-02-01,77,0,21,41,34,33,0,62,US,2014,2
2014-03-01,76,0,22,39,37,35,0,60,US,2014,3
2014-04-01,76,0,21,39,36,45,0,63,US,2014,4
2014-05-01,69,0,18,37,34,44,0,54,US,2014,5
2014-06-01,40,0,14,30,31,42,0,52,US,2014,6
2014-07-01,28,6,11,31,30,41,0,52,US,2014,7
2014-08-01,40,0,17,29,33,41,0,53,US,2014,8
2014-09-01,83,0,27,43,35,36,0,52,US,2014,9
2014-10-01,80,0,28,45,36,31,0,58,US,2014,10
2014-11-01,66,7,24,39,31,26,0,49,US,2014,11
2014-12-01,56,2,18,36,28,25,0,47,US,2014,12
2015-01-01,65,0,25,34,32,28,0,60,US,2015,1
2015-02-01,73,0,27,41,33,29,0,61,US,2015,2
2015-03-01,67,0,25,35,30,30,0,50,US,2015,3
2015-04-01,76,0,26,38,35,41,0,58,US,2015,4
2015-05-01,62,0,22,28,30,34,0,48,US,2015,5
2015-06-01,36,0,13,26,27,37,0,45,US,2015,6
2015-07-01,25,3,10,29,28,40,0,45,US,2015,7
2015-08-01,39,2,23,28,29,38,5,46,US,2015,8
2015-09-01,80,0,49,38,33,37,4,45,US,2015,9
2015-10-01,76,0,46,41,31,27,0,48,US,2015,10
2015-11-01,67,2,34,34,29,22,0,42,US,2015,11
2015-12-01,57,0,31,32,28,27,0,46,US,2015,12
2016-01-01,72,0,36,44,35,33,0,62,US,2016,1
2016-02-01,85,0,43,48,39,37,5,69,US,2016,2
2016-03-01,82,1,38,43,38,36,0,60,US,2016,3
2016-04-01,84,1,39,40,39,44,0,62,US,2016,4
2016-05-01,77,0,34,36,38,45,0,59,US,2016,5
2016-06-01,40,0,18,34,37,47,0,60,US,2016,6
2016-07-01,28,0,12,30,35,52,0,57,US,2016,7
2016-08-01,50,0,34,33,35,53,0,56,US,2016,8
2016-09-01,100,0,62,40,40,43,0,55,US,2016,9
2016-10-01,85,0,63,48,39,38,0,59,US,2016,10
2016-11-01,81,0,55,43,38,33,0,59,US,2016,11
2016-12-01,65,0,38,39,35,30,0,57,US,2016,12
2017-01-01,79,0,50,39,39,38,0,69,US,2017,1
2017-02-01,98,0,53,45,40,34,0,65,US,2017,2
2017-03-01,87,0,52,44,39,38,0,65,US,2017,3
2017-04-01,93,0,41,38,39,45,0,63,US,2017,4
2017-05-01,85,0,46,37,41,42,0,62,US,2017,5
2017-06-01,44,0,18,33,37,48,0,60,US,2017,6
2017-07-01,29,0,13,32,37,51,0,61,US,2017,7
2017-08-01,52,0,37,34,37,45,0,60,US,2017,8
2017-09-01,91,0,64,39,37,47,0,57,US,2017,9
2017-10-01,96,0,67,49,40,37,0,64,US,2017,10
2017-11-01,77,0,48,36,36,30,3,53,US,2017,11
2017-12-01,72,2,37,34,34,31,0,55,US,2017,12
2018-01-01,83,0,49,39,36,39,12,69,US,2018,1
2018-02-01,86,0,51,41,37,36,0,62,US,2018,2
2018-03-01,86,0,50,38,37,41,0,63,US,2018,3
2018-04-01,82,0,48,38,39,46,0,62,US,2018,4
2018-05-01,78,0,43,35,42,42,0,54,US,2018,5
2018-06-01,39,0,16,32,33,46,3,57,US,2018,6
2018-07-01,26,0,11,29,34,46,0,57,US,2018,7
2018-08-01,49,0,34,32,35,46,4,57,US,2018,8
2018-09-01,81,0,60,38,35,46,0,54,US,2018,9
2018-10-01,85,0,58,42,37,34,0,57,US,2018,10
2018-11-01,74,1,57,38,35,33,3,58,US,2018,11
2018-12-01,59,1,39,30,32,28,0,52,US,2018,12
2019-01-01,68,0,48,36,36,37,0,68,US,2019,1
2019-02-01,79,0,51,43,35,36,0,65,US,2019,2
2019-03-01,71,3,46,40,38,38,0,63,US,2019,3
2019-04-01,73,0,46,45,38,49,0,62,US,2019,4
2019-05-01,62,0,39,34,36,39,4,63,US,2019,5
2019-06-01,35,0,17,32,35,48,0,63,US,2019,6
2019-07-01,25,0,11,29,32,46,0,58,US,2019,7
2019-08-01,45,1,35,31,35,43,0,59,US,2019,8
2019-09-01,77,0,63,43,36,39,4,60,US,2019,9
2019-10-01,79,0,59,46,36,31,0,59,US,2019,10
2019-11-01,65,0,47,39,33,31,0,53,US,2019,11
2019-12-01,54,0,35,35,31,30,0,58,US,2019,12
2020-01-01,66,0,45,39,37,36,0,71,US,2020,1
2020-02-01,73,0,45,43,35,38,0,64,US,2020,2
2020-03-01,66,1,59,33,31,31,0,59,US,2020,3
2020-04-01,78,1,85,37,43,34,9,66,US,2020,4
2020-05-01,64,0,62,34,43,41,0,66,US,2020,5
2020-06-01,34,0,25,32,39,42,0,60,US,2020,6
2020-07-01,31,0,16,33,38,43,2,73,US,2020,7
2020-08-01,48,0,55,32,38,46,0,68,US,2020,8
2020-09-01,97,0,100,43,42,44,0,62,US,2020,9
2020-10-01,63,0,42,37,35,33,0,61,US,2020,10
2020-11-01,52,2,27,30,33,33,0,55,US,2020,11
2020-12-01,43,0,24,29,34,29,5,57,US,2020,12
2005-01-01,81,0,44,80,76,33,0,48,CN,2005,1
2005-02-01,51,100,54,64,50,25,0,38,CN,2005,2
2005-03-01,100,0,100,100,100,36,0,67,CN,2005,3
2005-04-01,90,0,90,97,89,33,0,57,CN,2005,4
2005-05-01,81,0,64,80,84,34,0,51,CN,2005,5
2005-06-01,81,0,57,85,90,33,0,56,CN,2005,6
2005-07-01,73,0,54,72,80,33,0,51,CN,2005,7
2005-08-01,68,0,72,78,72,35,0,53,CN,2005,8
2005-09-01,75,0,91,75,69,30,0,43,CN,2005,9
2005-10-01,71,0,62,67,64,29,0,38,CN,2005,10
2005-11-01,76,74,58,75,75,30,95,44,CN,2005,11
2005-12-01,71,0,46,85,74,25,0,47,CN,2005,12
2006-01-01,44,0,23,55,44,19,43,34,CN,2006,1
2006-02-01,50,0,36,58,55,22,100,46,CN,2006,2
2006-03-01,74,44,45,75,79,27,0,66,CN,2006,3
2006-04-01,66,0,47,79,77,26,0,59,CN,2006,4
2006-05-01,63,0,37,68,68,26,0,47,CN,2006,5
2006-06-01,64,0,39,68,70,26,0,47,CN,2006,6
2006-07-01,61,0,28,66,64,31,0,47,CN,2006,7
2006-08-01,61,0,26,65,70,30,0,51,CN,2006,8
2006-09-01,63,0,38,63,60,29,0,42,CN,2006,9
2006-10-01,53,0,34,57,50,22,33,33,CN,2006,10
2006-11-01,56,0,33,59,59,24,0,39,CN,2006,11
2006-12-01,58,15,30,64,65,24,43,38,CN,2006,12
2007-01-01,45,0,21,54,49,18,0,33,CN,2007,1
2007-02-01,27,0,14,36,29,15,0,21,CN,2007,2
2007-03-01,58,0,35,65,60,22,0,54,CN,2007,3
2007-04-01,58,0,31,65,69,24,0,46,CN,2007,4
2007-05-01,54,0,28,57,58,22,0,40,CN,2007,5
2007-06-01,50,0,27,60,61,25,0,47,CN,2007,6
2007-07-01,46,0,21,57,65,28,0,41,CN,2007,7
2007-08-01,48,0,19,54,57,29,0,40,CN,2007,8
2007-09-01,53,0,28,52,52,28,0,34,CN,2007,9
2007-10-01,48,0,29,49,46,23,26,31,CN,2007,10
2007-11-01,49,0,33,54,56,26,0,34,CN,2007,11
2007-12-01,52,0,31,53,57,22,0,34,CN,2007,12
2008-01-01,38,0,18,45,42,18,0,29,CN,2008,1
2008-02-01,31,0,17,38,28,17,29,26,CN,2008,2
2008-03-01,51,34,28,55,56,24,0,42,CN,2008,3
2008-04-01,50,0,24,49,53,23,0,42,CN,2008,4
2008-05-01,50,0,22,48,53,24,0,40,CN,2008,5
2008-06-01,46,7,25,48,51,29,0,41,CN,2008,6
2008-07-01,45,0,19,44,51,35,0,43,CN,2008,7
2008-08-01,38,0,18,43,45,100,0,39,CN,2008,8
2008-09-01,50,0,27,40,43,33,31,78,CN,2008,9
2008-10-01,49,23,28,41,44,30,0,98,CN,2008,10
2008-11-01,52,0,27,44,47,31,0,100,CN,2008,11
2008-12-01,52,0,28,47,51,26,0,70,CN,2008,12
2009-01-01,28,12,13,31,28,17,0,40,CN,2009,1
2009-02-01,37,0,23,42,41,24,0,35,CN,2009,2
2009-03-01,50,0,27,43,49,23,16,38,CN,2009,3
2009-04-01,51,0,28,41,47,23,0,35,CN,2009,4
2009-05-01,50,0,24,37,43,25,0,33,CN,2009,5
2009-06-01,42,0,22,37,42,27,0,34,CN,2009,6
2009-07-01,39,0,13,37,40,24,0,32,CN,2009,7
2009-08-01,37,0,13,34,35,26,0,29,CN,2009,8
2009-09-01,42,13,22,36,37,27,0,28,CN,2009,9
2009-10-01,41,0,20,35,31,23,0,24,CN,2009,10
2009-11-01,43,0,20,42,34,22,0,30,CN,2009,11
2009-12-01,50,0,19,49,35,23,0,29,CN,2009,12
2010-01-01,37,0,15,40,33,22,0,27,CN,2010,1
2010-02-01,21,0,10,32,19,16,0,16,CN,2010,2
2010-03-01,40,0,19,43,32,20,0,31,CN,2010,3
2010-04-01,37,0,14,33,31,18,0,27,CN,2010,4
2010-05-01,36,0,14,32,32,19,0,27,CN,2010,5
2010-06-01,33,0,14,36,29,19,0,26,CN,2010,6
2010-07-01,28,0,9,31,27,18,0,21,CN,2010,7
2010-08-01,24,0,9,27,23,16,0,18,CN,2010,8
2010-09-01,29,0,15,25,22,15,0,16,CN,2010,9
2010-10-01,29,0,14,26,20,16,0,13,CN,2010,10
2010-11-01,28,0,11,23,19,13,0,14,CN,2010,11
2010-12-01,27,0,9,24,19,9,22,12,CN,2010,12
2011-01-01,26,0,9,32,22,14,0,15,CN,2011,1
2011-02-01,20,0,10,36,16,13,0,14,CN,2011,2
2011-03-01,33,0,13,44,25,15,0,22,CN,2011,3
2011-04-01,33,0,11,43,26,15,0,19,CN,2011,4
2011-05-01,32,0,11,44,24,17,0,22,CN,2011,5
2011-06-01,30,0,11,44,21,22,0,20,CN,2011,6
2011-07-01,25,0,8,53,22,20,0,18,CN,2011,7
2011-08-01,25,0,10,50,22,19,0,16,CN,2011,8
2011-09-01,31,3,19,38,22,19,0,15,CN,2011,9
2011-10-01,31,0,19,34,21,18,0,14,CN,2011,10
2011-11-01,30,4,18,29,21,15,0,14,CN,2011,11
2011-12-01,29,0,17,31,20,14,0,14,CN,2011,12
2012-01-01,18,0,10,23,12,13,0,8,CN,2012,1
2012-02-01,26,0,18,29,19,16,6,15,CN,2012,2
2012-03-01,31,0,19,34,21,16,0,21,CN,2012,3
2012-04-01,31,0,19,27,22,20,0,21,CN,2012,4
2012-05-01,32,3,19,26,21,21,0,24,CN,2012,5
2012-06-01,30,0,19,23,22,21,0,21,CN,2012,6
2012-07-01,29,0,12,24,22,24,0,17,CN,2012,7
2012-08-01,24,0,9,21,18,39,0,13,CN,2012,8
2012-09-01,17,0,5,12,11,9,14,5,CN,2012,9
2012-10-01,13,3,4,9,8,7,0,4,CN,2012,10
2012-11-01,11,0,3,9,7,5,0,4,CN,2012,11
2012-12-01,11,4,3,9,7,5,0,3,CN,2012,12
2013-01-01,10,5,2,8,6,5,0,3,CN,2013,1
2013-02-01,7,0,2,6,4,4,0,2,CN,2013,2
2013-03-01,11,0,4,9,6,6,0,4,CN,2013,3
2013-04-01,11,0,3,8,6,6,0,3,CN,2013,4
2013-05-01,12,0,4,9,8,7,0,4,CN,2013,5
2013-06-01,11,0,3,8,6,7,0,4,CN,2013,6
2013-07-01,10,0,2,7,7,7,0,4,CN,2013,7
2013-08-01,10,0,2,8,6,7,0,3,CN,2013,8
2013-09-01,11,0,4,6,6,7,0,3,CN,2013,9
2013-10-01,11,0,4,7,5,7,12,3,CN,2013,10
2013-11-01,12,0,3,8,6,6,0,3,CN,2013,11
2013-12-01,12,0,3,8,6,5,0,3,CN,2013,12
2014-01-01,9,2,2,6,4,5,0,2,CN,2014,1
2014-02-01,8,0,3,6,4,5,5,3,CN,2014,2
2014-03-01,13,0,4,8,6,6,5,4,CN,2014,3
2014-04-01,11,0,4,8,6,6,0,3,CN,2014,4
2014-05-01,12,0,3,7,6,6,5,3,CN,2014,5
2014-06-01,2,0,1,1,1,1,0,0,CN,2014,6
2014-07-01,1,0,0,1,1,1,0,0,CN,2014,7
2014-08-01,1,0,0,1,1,1,0,0,CN,2014,8
2014-09-01,1,0,0,1,1,1,0,0,CN,2014,9
2014-10-01,1,3,0,1,1,1,0,0,CN,2014,10
2014-11-01,1,0,0,1,1,0,4,0,CN,2014,11
2014-12-01,1,0,0,1,0,0,7,0,CN,2014,12
2015-01-01,1,0,0,0,0,0,0,0,CN,2015,1
2015-02-01,1,4,0,0,0,0,0,0,CN,2015,2
2015-03-01,1,0,0,1,0,0,0,0,CN,2015,3
2015-04-01,1,0,0,0,0,0,0,0,CN,2015,4
2015-05-01,1,0,0,0,0,0,0,0,CN,2015,5
2015-06-01,1,0,0,0,0,0,4,0,CN,2015,6
2015-07-01,0,0,0,0,0,0,5,0,CN,2015,7
2015-08-01,1,0,0,0,0,0,0,0,CN,2015,8
2015-09-01,1,0,0,1,0,0,0,0,CN,2015,9
2015-10-01,1,0,0,0,0,0,4,0,CN,2015,10
2015-11-01,1,0,0,1,0,0,0,0,CN,2015,11
2015-12-01,1,0,0,1,0,0,0,0,CN,2015,12
2016-01-01,1,0,0,1,0,0,0,0,CN,2016,1
2016-02-01,1,0,0,0,0,0,0,0,CN,2016,2
2016-03-01,1,0,0,1,0,0,11,0,CN,2016,3
2016-04-01,1,0,0,1,0,0,0,0,CN,2016,4
2016-05-01,1,0,0,1,0,0,0,0,CN,2016,5
2016-06-01,1,0,0,0,0,0,0,0,CN,2016,6
2016-07-01,1,0,0,1,0,0,0,0,CN,2016,7
2016-08-01,1,0,0,1,0,1,0,0,CN,2016,8
2016-09-01,1,0,0,1,0,0,0,0,CN,2016,9
2016-10-01,1,0,0,1,0,0,5,0,CN,2016,10
2016-11-01,1,0,0,1,0,0,0,0,CN,2016,11
2016-12-01,2,1,0,1,1,0,0,0,CN,2016,12
2017-01-01,1,0,0,1,0,0,0,0,CN,2017,1
2017-02-01,1,0,0,1,1,0,0,0,CN,2017,2
2017-03-01,2,4,0,1,1,0,4,0,CN,2017,3
2017-04-01,2,5,0,1,1,0,0,0,CN,2017,4
2017-05-01,2,2,0,1,1,1,0,0,CN,2017,5
2017-06-01,2,0,0,1,1,1,0,0,CN,2017,6
2017-07-01,2,0,0,1,1,1,0,0,CN,2017,7
2017-08-01,2,0,0,1,1,1,0,0,CN,2017,8
2017-09-01,2,0,0,1,1,1,0,0,CN,2017,9
2017-10-01,2,0,0,1,0,0,0,0,CN,2017,10
2017-11-01,2,0,0,1,1,0,0,0,CN,2017,11
2017-12-01,2,3,0,1,1,0,0,0,CN,2017,12
2018-01-01,2,0,0,1,1,1,0,0,CN,2018,1
2018-02-01,1,0,0,1,0,0,0,0,CN,2018,2
2018-03-01,3,0,0,1,1,1,0,0,CN,2018,3
2018-04-01,3,0,0,1,1,1,5,0,CN,2018,4
2018-05-01,3,0,0,1,1,1,0,0,CN,2018,5
2018-06-01,3,0,0,1,1,1,0,0,CN,2018,6
2018-07-01,2,0,0,1,1,1,0,0,CN,2018,7
2018-08-01,2,3,0,1,1,1,0,0,CN,2018,8
2018-09-01,4,2,0,1,1,1,4,0,CN,2018,9
2018-10-01,4,2,0,1,1,1,9,0,CN,2018,10
2018-11-01,4,0,0,2,1,1,0,0,CN,2018,11
2018-12-01,4,0,0,2,1,1,0,0,CN,2018,12
2019-01-01,3,0,0,2,1,1,0,0,CN,2019,1
2019-02-01,2,0,0,1,1,0,0,0,CN,2019,2
2019-03-01,4,0,0,2,1,1,0,0,CN,2019,3
2019-04-01,3,2,0,2,1,1,0,0,CN,2019,4
2019-05-01,3,0,0,1,1,1,0,0,CN,2019,5
2019-06-01,3,0,0,1,1,1,0,0,CN,2019,6
2019-07-01,2,0,0,1,1,1,0,0,CN,2019,7
2019-08-01,2,0,0,1,1,1,0,0,CN,2019,8
2019-09-01,2,0,0,1,1,1,0,0,CN,2019,9
2019-10-01,2,0,0,1,1,1,0,0,CN,2019,10
2019-11-01,2,2,0,1,1,1,0,0,CN,2019,11
2019-12-01,2,0,0,1,1,0,0,0,CN,2019,12
2020-01-01,1,0,0,1,0,0,0,0,CN,2020,1
2020-02-01,1,0,0,0,0,0,4,0,CN,2020,2
2020-03-01,1,0,0,1,0,0,0,0,CN,2020,3
2020-04-01,1,0,0,1,0,0,0,0,CN,2020,4
2020-05-01,1,0,0,1,0,0,0,0,CN,2020,5
2020-06-01,1,0,0,1,0,0,0,0,CN,2020,6
2020-07-01,2,0,0,1,1,0,0,0,CN,2020,7
2020-08-01,1,2,0,1,1,0,5,0,CN,2020,8
2020-09-01,2,0,0,1,1,0,0,0,CN,2020,9
2020-10-01,2,0,0,1,0,0,0,0,CN,2020,10
2020-11-01,2,0,0,1,1,0,0,0,CN,2020,11
2020-12-01,2,0,0,1,1,0,0,0,CN,2020,12
2005-01-01,95,0,92,90,94,80,0,92,JP,2005,1
2005-02-01,87,0,83,84,100,76,0,98,JP,2005,2
2005-03-01,68,0,77,72,83,72,0,93,JP,2005,3
2005-04-01,70,100,83,78,88,80,0,84,JP,2005,4
2005-05-01,89,0,87,90,87,87,0,95,JP,2005,5
2005-06-01,100,0,91,100,99,85,47,100,JP,2005,6
2005-07-01,94,0,88,91,93,94,0,96,JP,2005,7
2005-08-01,70,0,80,84,86,89,0,89,JP,2005,8
2005-09-01,72,0,76,79,82,89,0,85,JP,2005,9
2005-10-01,81,0,72,74,81,79,0,81,JP,2005,10
2005-11-01,80,56,69,72,77,75,0,91,JP,2005,11
2005-12-01,73,0,62,69,70,62,0,69,JP,2005,12
2006-01-01,73,28,63,66,64,66,0,76,JP,2006,1
2006-02-01,70,0,66,70,72,64,0,80,JP,2006,2
2006-03-01,54,0,61,59,66,62,100,78,JP,2006,3
2006-04-01,67,31,62,66,65,66,0,79,JP,2006,4
2006-05-01,68,0,61,66,65,67,0,83,JP,2006,5
2006-06-01,80,0,68,72,72,73,0,88,JP,2006,6
2006-07-01,84,0,66,78,71,89,0,83,JP,2006,7
2006-08-01,65,0,63,61,66,77,0,74,JP,2006,8
2006-09-01,63,0,62,56,62,77,0,70,JP,2006,9
2006-10-01,63,0,57,57,57,69,0,66,JP,2006,10
2006-11-01,64,0,57,61,56,67,0,66,JP,2006,11
2006-12-01,65,0,57,57,55,64,0,63,JP,2006,12
2007-01-01,66,49,56,58,53,61,0,64,JP,2007,1
2007-02-01,60,0,60,58,57,62,0,70,JP,2007,2
2007-03-01,50,0,56,51,57,65,0,65,JP,2007,3
2007-04-01,53,0,54,51,53,65,0,65,JP,2007,4
2007-05-01,64,0,56,56,60,69,21,68,JP,2007,5
2007-06-01,71,0,58,56,63,73,0,69,JP,2007,6
2007-07-01,74,0,64,66,66,78,34,70,JP,2007,7
2007-08-01,53,0,53,51,53,66,0,59,JP,2007,8
2007-09-01,49,0,54,48,51,68,0,54,JP,2007,9
2007-10-01,63,0,61,56,54,66,0,55,JP,2007,10
2007-11-01,63,13,55,53,55,60,0,55,JP,2007,11
2007-12-01,54,0,62,44,49,54,0,50,JP,2007,12
2008-01-01,56,0,55,48,47,56,50,49,JP,2008,1
2008-02-01,55,0,54,48,56,59,21,57,JP,2008,2
2008-03-01,48,26,51,39,46,59,16,53,JP,2008,3
2008-04-01,49,0,56,49,51,57,0,51,JP,2008,4
2008-05-01,56,0,58,49,54,60,0,53,JP,2008,5
2008-06-01,65,0,63,53,59,68,30,55,JP,2008,6
2008-07-01,59,0,55,55,57,60,0,52,JP,2008,7
2008-08-01,50,0,62,45,51,69,0,47,JP,2008,8
2008-09-01,46,0,62,41,50,60,0,45,JP,2008,9
2008-10-01,52,0,62,46,52,59,0,46,JP,2008,10
2008-11-01,50,9,55,40,49,53,0,43,JP,2008,11
2008-12-01,49,0,51,42,48,53,17,45,JP,2008,12
2009-01-01,47,0,51,39,45,48,0,45,JP,2009,1
2009-02-01,47,0,53,39,47,49,0,49,JP,2009,2
2009-03-01,43,0,48,36,47,46,0,47,JP,2009,3
2009-04-01,44,0,53,37,46,48,0,46,JP,2009,4
2009-05-01,46,0,54,37,47,53,12,44,JP,2009,5
2009-06-01,52,0,57,40,50,50,20,53,JP,2009,6
2009-07-01,55,10,58,44,51,55,18,49,JP,2009,7
2009-08-01,41,34,54,35,41,54,0,45,JP,2009,8
2009-09-01,41,11,58,36,42,53,0,41,JP,2009,9
2009-10-01,48,0,52,36,42,48,0,41,JP,2009,10
2009-11-01,50,24,52,37,40,49,10,40,JP,2009,11
2009-12-01,42,0,45,33,39,43,11,38,JP,2009,12
2010-01-01,43,9,44,33,39,44,0,42,JP,2010,1
2010-02-01,46,0,49,34,34,40,11,47,JP,2010,2
2010-03-01,41,0,50,33,41,41,0,49,JP,2010,3
2010-04-01,47,0,53,34,43,42,0,46,JP,2010,4
2010-05-01,48,0,53,36,44,51,0,46,JP,2010,5
2010-06-01,50,0,49,38,43,46,40,57,JP,2010,6
2010-07-01,45,0,47,33,42,45,7,49,JP,2010,7
2010-08-01,42,0,42,28,36,45,0,40,JP,2010,8
2010-09-01,39,0,45,27,35,45,0,40,JP,2010,9
2010-10-01,44,6,45,31,36,44,0,38,JP,2010,10
2010-11-01,42,8,45,28,35,41,0,36,JP,2010,11
2010-12-01,37,0,38,26,33,36,0,32,JP,2010,12
2011-01-01,47,0,43,31,38,51,0,46,JP,2011,1
2011-02-01,43,0,42,31,36,50,6,48,JP,2011,2
2011-03-01,33,0,41,26,38,47,12,47,JP,2011,3
2011-04-01,41,0,48,30,44,56,0,50,JP,2011,4
2011-05-01,45,0,44,32,41,59,10,51,JP,2011,5
2011-06-01,49,0,49,35,44,68,0,59,JP,2011,6
2011-07-01,48,0,44,33,42,71,0,51,JP,2011,7
2011-08-01,41,4,40,30,37,64,0,51,JP,2011,8
2011-09-01,37,0,44,31,37,61,0,46,JP,2011,9
2011-10-01,40,0,42,32,39,61,0,46,JP,2011,10
2011-11-01,42,0,42,31,37,57,7,47,JP,2011,11
2011-12-01,40,0,40,29,35,56,0,41,JP,2011,12
2012-01-01,45,0,48,28,35,62,4,45,JP,2012,1
2012-02-01,42,0,42,28,38,58,0,50,JP,2012,2
2012-03-01,33,0,41,25,32,58,0,48,JP,2012,3
2012-04-01,47,0,52,30,39,72,0,48,JP,2012,4
2012-05-01,50,0,53,31,45,71,0,50,JP,2012,5
2012-06-01,49,0,55,30,49,74,0,54,JP,2012,6
2012-07-01,54,0,52,33,48,74,0,48,JP,2012,7
2012-08-01,42,0,49,30,42,82,0,45,JP,2012,8
2012-09-01,42,0,55,31,44,80,0,45,JP,2012,9
2012-10-01,47,0,56,29,44,77,0,44,JP,2012,10
2012-11-01,48,0,54,29,41,76,15,46,JP,2012,11
2012-12-01,46,0,51,28,38,71,0,43,JP,2012,12
2013-01-01,45,6,56,27,33,68,0,44,JP,2013,1
2013-02-01,46,0,52,28,40,70,0,51,JP,2013,2
2013-03-01,38,0,48,26,38,69,0,45,JP,2013,3
2013-04-01,47,0,62,27,39,71,3,48,JP,2013,4
2013-05-01,52,5,62,29,46,80,0,44,JP,2013,5
2013-06-01,54,0,61,32,44,81,0,52,JP,2013,6
2013-07-01,56,4,64,33,47,75,0,52,JP,2013,7
2013-08-01,45,4,55,28,42,81,0,46,JP,2013,8
2013-09-01,45,0,58,27,45,76,0,47,JP,2013,9
2013-10-01,49,0,58,35,39,73,0,52,JP,2013,10
2013-11-01,50,0,54,27,36,69,0,51,JP,2013,11
2013-12-01,45,0,46,25,30,67,0,47,JP,2013,12
2014-01-01,53,0,53,26,35,73,0,50,JP,2014,1
2014-02-01,47,0,48,26,35,68,4,50,JP,2014,2
2014-03-01,40,0,45,23,34,70,0,49,JP,2014,3
2014-04-01,45,0,57,28,38,76,0,56,JP,2014,4
2014-05-01,52,0,55,29,45,80,5,62,JP,2014,5
2014-06-01,49,0,57,31,43,66,0,56,JP,2014,6
2014-07-01,52,0,52,31,41,77,0,52,JP,2014,7
2014-08-01,40,0,53,25,38,67,16,52,JP,2014,8
2014-09-01,39,0,51,25,39,74,0,49,JP,2014,9
2014-10-01,50,0,83,28,37,73,3,52,JP,2014,10
2014-11-01,46,0,68,27,35,69,5,46,JP,2014,11
2014-12-01,46,0,56,24,31,62,0,45,JP,2014,12
2015-01-01,50,0,52,26,34,71,0,50,JP,2015,1
2015-02-01,47,0,48,26,36,62,0,53,JP,2015,2
2015-03-01,35,0,42,23,34,64,0,53,JP,2015,3
2015-04-01,46,0,56,27,43,75,0,54,JP,2015,4
2015-05-01,46,0,49,25,39,82,0,49,JP,2015,5
2015-06-01,58,0,51,29,45,80,5,54,JP,2015,6
2015-07-01,55,0,57,30,44,77,0,51,JP,2015,7
2015-08-01,51,0,52,25,41,78,0,48,JP,2015,8
2015-09-01,49,0,52,26,41,78,0,48,JP,2015,9
2015-10-01,48,2,54,26,39,76,0,51,JP,2015,10
2015-11-01,53,0,51,27,37,68,3,48,JP,2015,11
2015-12-01,49,0,47,27,35,65,6,45,JP,2015,12
2016-01-01,54,0,61,26,39,78,0,54,JP,2016,1
2016-02-01,53,0,62,25,40,72,0,56,JP,2016,2
2016-03-01,47,0,52,21,37,77,0,62,JP,2016,3
2016-04-01,51,0,67,26,46,80,0,55,JP,2016,4
2016-05-01,55,3,71,28,54,96,0,57,JP,2016,5
2016-06-01,67,0,71,31,56,86,0,60,JP,2016,6
2016-07-01,60,0,60,39,46,80,0,51,JP,2016,7
2016-08-01,42,0,58,28,42,93,0,52,JP,2016,8
2016-09-01,44,0,56,25,41,88,0,55,JP,2016,9
2016-10-01,52,0,62,26,43,84,0,48,JP,2016,10
2016-11-01,53,0,58,26,38,76,0,47,JP,2016,11
2016-12-01,48,3,62,24,37,74,5,46,JP,2016,12
2017-01-01,54,2,67,26,38,78,12,51,JP,2017,1
2017-02-01,53,0,63,27,38,71,0,53,JP,2017,2
2017-03-01,44,0,57,23,39,75,0,53,JP,2017,3
2017-04-01,53,0,67,25,45,77,0,52,JP,2017,4
2017-05-01,55,0,64,30,54,83,3,54,JP,2017,5
2017-06-01,59,0,68,33,55,94,0,57,JP,2017,6
2017-07-01,61,0,65,34,56,86,0,58,JP,2017,7
2017-08-01,49,6,63,28,49,100,0,52,JP,2017,8
2017-09-01,48,0,60,32,42,80,9,51,JP,2017,9
2017-10-01,58,0,62,30,44,80,0,49,JP,2017,10
2017-11-01,49,0,53,28,37,70,4,45,JP,2017,11
2017-12-01,49,0,51,25,37,65,0,41,JP,2017,12
2018-01-01,58,4,54,30,38,77,0,48,JP,2018,1
2018-02-01,48,0,51,23,35,65,0,48,JP,2018,2
2018-03-01,42,0,54,25,41,71,0,53,JP,2018,3
2018-04-01,50,0,59,26,43,72,0,49,JP,2018,4
2018-05-01,53,0,59,32,51,86,0,51,JP,2018,5
2018-06-01,51,0,59,35,50,80,2,51,JP,2018,6
2018-07-01,51,0,60,31,46,73,0,49,JP,2018,7
2018-08-01,44,0,52,29,42,77,0,45,JP,2018,8
2018-09-01,43,2,52,24,41,77,0,45,JP,2018,9
2018-10-01,51,4,54,27,39,73,0,46,JP,2018,10
2018-11-01,58,0,56,31,41,77,0,69,JP,2018,11
2018-12-01,47,0,50,23,40,63,0,50,JP,2018,12
2019-01-01,54,0,52,26,38,79,0,50,JP,2019,1
2019-02-01,54,0,49,27,42,67,0,54,JP,2019,2
2019-03-01,44,0,48,24,40,78,0,53,JP,2019,3
2019-04-01,52,0,55,27,49,86,0,57,JP,2019,4
2019-05-01,53,8,54,29,49,82,0,45,JP,2019,5
2019-06-01,62,4,63,36,55,89,3,58,JP,2019,6
2019-07-01,56,0,59,30,45,81,2,49,JP,2019,7
2019-08-01,46,0,53,24,46,84,5,45,JP,2019,8
2019-09-01,45,0,55,27,40,76,0,48,JP,2019,9
2019-10-01,48,0,51,28,41,78,0,44,JP,2019,10
2019-11-01,59,2,50,29,37,79,4,48,JP,2019,11
2019-12-01,57,0,50,25,37,73,0,46,JP,2019,12
2020-01-01,56,0,50,26,39,76,0,62,JP,2020,1
2020-02-01,56,0,51,46,37,65,0,48,JP,2020,2
2020-03-01,48,3,48,21,43,64,0,43,JP,2020,3
2020-04-01,64,0,69,25,40,71,0,44,JP,2020,4
2020-05-01,72,0,100,29,60,85,0,48,JP,2020,5
2020-06-01,61,0,76,32,55,71,0,47,JP,2020,6
2020-07-01,73,0,75,36,55,78,0,52,JP,2020,7
2020-08-01,57,0,62,26,48,71,0,45,JP,2020,8
2020-09-01,51,0,56,26,42,70,0,46,JP,2020,9
2020-10-01,54,0,57,25,35,75,2,42,JP,2020,10
2020-11-01,52,0,52,22,33,71,0,39,JP,2020,11
2020-12-01,53,0,51,20,35,65,0,42,JP,2020,12
2005-01-01,88,0,88,100,98,0,0,100,DE,2005,1
2005-02-01,81,0,90,88,100,0,0,90,DE,2005,2
2005-03-01,65,0,71,77,86,0,0,79,DE,2005,3
2005-04-01,81,0,83,82,91,0,0,70,DE,2005,4
2005-05-01,71,0,75,76,86,0,0,66,DE,2005,5
2005-06-01,78,0,85,84,92,0,0,80,DE,2005,6
2005-07-01,63,0,60,76,83,0,0,69,DE,2005,7
2005-08-01,49,83,61,65,79,0,0,74,DE,2005,8
2005-09-01,67,0,91,69,77,0,0,68,DE,2005,9
2005-10-01,66,0,74,67,78,0,0,62,DE,2005,10
2005-11-01,86,98,94,74,87,0,0,67,DE,2005,11
2005-12-01,71,0,62,60,75,0,0,57,DE,2005,12
2006-01-01,81,0,88,74,79,0,0,72,DE,2006,1
2006-02-01,77,100,93,72,84,0,0,68,DE,2006,2
2006-03-01,77,0,100,68,92,0,0,65,DE,2006,3
2006-04-01,64,0,75,66,65,0,0,53,DE,2006,4
2006-05-01,78,65,89,64,86,0,0,62,DE,2006,5
2006-06-01,64,43,83,61,71,0,0,52,DE,2006,6
2006-07-01,61,0,68,65,72,0,0,57,DE,2006,7
2006-08-01,57,0,80,64,70,0,0,61,DE,2006,8
2006-09-01,69,0,94,63,65,0,0,56,DE,2006,9
2006-10-01,69,0,81,57,61,0,0,49,DE,2006,10
2006-11-01,91,0,99,69,84,0,0,53,DE,2006,11
2006-12-01,76,0,71,55,54,0,0,39,DE,2006,12
2007-01-01,88,0,91,72,84,0,0,53,DE,2007,1
2007-02-01,80,0,89,65,75,0,0,48,DE,2007,2
2007-03-01,81,0,91,62,76,0,0,49,DE,2007,3
2007-04-01,66,0,70,58,64,0,0,40,DE,2007,4
2007-05-01,78,0,82,60,66,0,0,45,DE,2007,5
2007-06-01,71,0,78,60,64,0,0,42,DE,2007,6
2007-07-01,63,0,66,59,68,0,0,43,DE,2007,7
2007-08-01,52,0,72,55,63,0,0,41,DE,2007,8
2007-09-01,66,0,87,55,64,0,0,38,DE,2007,9
2007-10-01,74,0,79,57,67,0,0,37,DE,2007,10
2007-11-01,100,0,91,61,75,0,0,40,DE,2007,11
2007-12-01,65,22,61,49,56,0,0,31,DE,2007,12
2008-01-01,73,0,74,56,62,0,0,36,DE,2008,1
2008-02-01,77,0,80,56,61,0,0,37,DE,2008,2
2008-03-01,58,0,65,50,61,0,0,35,DE,2008,3
2008-04-01,71,0,72,54,61,0,0,35,DE,2008,4
2008-05-01,65,0,65,48,56,0,0,32,DE,2008,5
2008-06-01,65,0,70,51,58,0,0,34,DE,2008,6
2008-07-01,52,0,51,47,54,0,0,33,DE,2008,7
2008-08-01,50,0,62,44,52,0,0,34,DE,2008,8
2008-09-01,63,18,74,42,51,0,0,32,DE,2008,9
2008-10-01,64,0,66,47,52,0,0,34,DE,2008,10
2008-11-01,79,0,73,49,57,0,0,32,DE,2008,11
2008-12-01,61,0,52,38,51,0,0,29,DE,2008,12
2009-01-01,65,0,68,44,51,0,0,32,DE,2009,1
2009-02-01,70,0,74,44,60,0,0,35,DE,2009,2
2009-03-01,69,0,77,41,52,0,0,36,DE,2009,3
2009-04-01,58,0,56,38,45,0,0,33,DE,2009,4
2009-05-01,63,0,64,41,50,0,0,34,DE,2009,5
2009-06-01,59,0,62,40,47,0,0,33,DE,2009,6
2009-07-01,55,0,49,41,49,0,0,34,DE,2009,7
2009-08-01,47,20,57,35,42,0,0,34,DE,2009,8
2009-09-01,60,28,71,37,44,0,0,32,DE,2009,9
2009-10-01,61,0,60,39,47,0,0,32,DE,2009,10
2009-11-01,79,0,70,39,54,0,0,33,DE,2009,11
2009-12-01,57,0,52,37,44,0,0,25,DE,2009,12
2010-01-01,61,0,62,38,46,0,0,30,DE,2010,1
2010-02-01,63,0,64,37,51,0,0,30,DE,2010,2
2010-03-01,61,0,67,36,47,0,0,31,DE,2010,3
2010-04-01,53,14,61,37,45,0,0,30,DE,2010,4
2010-05-01,65,13,60,36,45,0,0,30,DE,2010,5
2010-06-01,55,0,58,35,44,0,0,30,DE,2010,6
2010-07-01,41,0,37,30,37,0,0,26,DE,2010,7
2010-08-01,39,0,45,30,35,0,0,28,DE,2010,8
2010-09-01,53,0,58,30,38,0,0,29,DE,2010,9
2010-10-01,60,0,52,33,41,0,0,27,DE,2010,10
2010-11-01,63,0,57,34,44,0,0,27,DE,2010,11
2010-12-01,46,0,42,27,36,0,0,23,DE,2010,12
2011-01-01,70,0,56,34,52,0,0,24,DE,2011,1
2011-02-01,61,0,56,31,48,0,0,22,DE,2011,2
2011-03-01,57,0,53,30,42,0,0,21,DE,2011,3
2011-04-01,47,0,42,28,39,0,0,20,DE,2011,4
2011-05-01,63,0,60,31,48,0,0,22,DE,2011,5
2011-06-01,51,0,41,28,39,0,0,20,DE,2011,6
2011-07-01,44,0,37,30,41,0,0,20,DE,2011,7
2011-08-01,38,15,39,26,36,0,0,19,DE,2011,8
2011-09-01,49,12,52,24,35,0,0,19,DE,2011,9
2011-10-01,57,9,45,27,40,0,0,19,DE,2011,10
2011-11-01,65,0,55,28,43,0,0,21,DE,2011,11
2011-12-01,54,0,39,25,37,0,0,17,DE,2011,12
2012-01-01,64,0,51,30,46,0,0,19,DE,2012,1
2012-02-01,59,0,48,27,44,0,0,17,DE,2012,2
2012-03-01,53,0,44,25,39,0,0,16,DE,2012,3
2012-04-01,50,0,40,25,37,0,0,17,DE,2012,4
2012-05-01,54,0,44,26,40,0,0,16,DE,2012,5
2012-06-01,53,0,40,25,37,0,0,16,DE,2012,6
2012-07-01,38,0,30,24,36,0,0,15,DE,2012,7
2012-08-01,37,0,34,21,34,0,0,15,DE,2012,8
2012-09-01,49,10,52,23,36,0,0,16,DE,2012,9
2012-10-01,51,8,39,24,38,0,0,15,DE,2012,10
2012-11-01,66,0,47,26,43,0,0,16,DE,2012,11
2012-12-01,49,0,34,21,33,0,0,13,DE,2012,12
2013-01-01,56,0,42,25,40,62,24,15,DE,2013,1
2013-02-01,57,0,42,24,41,62,39,15,DE,2013,2
2013-03-01,47,0,36,21,37,63,0,14,DE,2013,3
2013-04-01,55,0,38,24,37,79,0,15,DE,2013,4
2013-05-01,47,19,35,22,37,80,0,15,DE,2013,5
2013-06-01,49,0,39,23,36,88,31,15,DE,2013,6
2013-07-01,39,0,27,22,35,100,0,15,DE,2013,7
2013-08-01,30,6,29,19,32,76,0,13,DE,2013,8
2013-09-01,44,6,41,20,33,64,0,13,DE,2013,9
2013-10-01,47,0,35,20,36,58,0,13,DE,2013,10
2013-11-01,60,0,44,23,39,48,0,14,DE,2013,11
2013-12-01,40,0,29,19,32,49,0,11,DE,2013,12
2014-01-01,52,0,39,23,39,59,0,14,DE,2014,1
2014-02-01,52,0,40,22,37,56,0,14,DE,2014,2
2014-03-01,45,0,41,20,34,67,26,13,DE,2014,3
2014-04-01,40,0,30,19,30,73,38,13,DE,2014,4
2014-05-01,47,0,36,20,34,73,0,13,DE,2014,5
2014-06-01,42,0,33,21,36,77,0,13,DE,2014,6
2014-07-01,38,5,26,21,33,78,0,14,DE,2014,7
2014-08-01,27,0,24,17,29,71,32,13,DE,2014,8
2014-09-01,41,0,37,19,33,68,0,13,DE,2014,9
2014-10-01,47,0,34,20,34,58,0,13,DE,2014,10
2014-11-01,53,0,39,21,35,53,41,13,DE,2014,11
2014-12-01,39,9,27,17,30,46,0,11,DE,2014,12
2015-01-01,53,0,39,22,36,58,0,15,DE,2015,1
2015-02-01,47,0,36,23,39,54,0,14,DE,2015,2
2015-03-01,44,7,35,19,33,65,0,13,DE,2015,3
2015-04-01,43,0,31,22,32,74,0,13,DE,2015,4
2015-05-01,44,7,31,19,30,74,0,12,DE,2015,5
2015-06-01,47,0,33,20,33,75,0,13,DE,2015,6
2015-07-01,35,0,24,19,33,76,28,13,DE,2015,7
2015-08-01,25,0,26,16,25,65,0,12,DE,2015,8
2015-09-01,44,4,38,18,31,67,0,12,DE,2015,9
2015-10-01,41,6,32,19,30,53,0,12,DE,2015,10
2015-11-01,49,0,35,20,35,46,57,12,DE,2015,11
2015-12-01,39,0,25,16,28,45,0,10,DE,2015,12
2016-01-01,51,0,35,40,37,58,0,14,DE,2016,1
2016-02-01,52,0,38,36,38,60,0,14,DE,2016,2
2016-03-01,40,0,33,18,31,59,0,12,DE,2016,3
2016-04-01,48,5,38,20,33,78,30,14,DE,2016,4
2016-05-01,43,0,33,19,31,77,0,13,DE,2016,5
2016-06-01,52,0,36,23,34,76,40,14,DE,2016,6
2016-07-01,36,0,27,18,30,83,0,12,DE,2016,7
2016-08-01,26,0,27,16,26,82,37,13,DE,2016,8
2016-09-01,38,0,36,17,28,69,0,12,DE,2016,9
2016-10-01,45,0,31,20,29,64,0,14,DE,2016,10
2016-11-01,58,0,36,22,35,50,19,13,DE,2016,11
2016-12-01,40,0,25,17,28,53,0,11,DE,2016,12
2017-01-01,49,0,34,22,35,61,0,14,DE,2017,1
2017-02-01,48,0,36,21,32,54,0,12,DE,2017,2
2017-03-01,46,0,34,19,31,63,0,13,DE,2017,3
2017-04-01,35,0,29,16,29,68,0,12,DE,2017,4
2017-05-01,55,0,35,19,30,77,0,13,DE,2017,5
2017-06-01,42,0,30,19,30,82,0,13,DE,2017,6
2017-07-01,37,0,26,20,29,86,0,13,DE,2017,7
2017-08-01,33,4,27,17,27,74,0,12,DE,2017,8
2017-09-01,43,0,35,18,31,67,0,13,DE,2017,9
2017-10-01,46,0,32,21,30,66,0,13,DE,2017,10
2017-11-01,49,0,33,22,31,50,0,13,DE,2017,11
2017-12-01,34,0,26,17,29,50,0,10,DE,2017,12
2018-01-01,55,0,38,24,36,66,0,14,DE,2018,1
2018-02-01,47,0,34,21,33,56,0,12,DE,2018,2
2018-03-01,41,0,33,18,29,66,0,13,DE,2018,3
2018-04-01,44,0,31,19,28,76,33,11,DE,2018,4
2018-05-01,45,0,28,17,26,83,0,12,DE,2018,5
2018-06-01,41,0,30,18,28,82,63,12,DE,2018,6
2018-07-01,31,0,24,19,27,84,0,12,DE,2018,7
2018-08-01,28,0,26,15,24,71,0,11,DE,2018,8
2018-09-01,39,0,35,17,27,72,40,11,DE,2018,9
2018-10-01,43,5,31,19,29,62,0,13,DE,2018,10
2018-11-01,51,0,37,22,33,59,0,14,DE,2018,11
2018-12-01,37,4,25,15,24,55,0,11,DE,2018,12
2019-01-01,48,0,38,21,29,69,0,15,DE,2019,1
2019-02-01,45,0,34,21,32,58,0,14,DE,2019,2
2019-03-01,43,0,34,19,30,68,0,15,DE,2019,3
2019-04-01,39,0,27,19,29,81,0,13,DE,2019,4
2019-05-01,46,0,33,19,31,82,0,13,DE,2019,5
2019-06-01,37,0,27,18,27,92,30,14,DE,2019,6
2019-07-01,30,0,22,17,26,90,0,13,DE,2019,7
2019-08-01,27,0,25,15,24,76,0,11,DE,2019,8
2019-09-01,40,0,37,17,25,76,43,13,DE,2019,9
2019-10-01,39,0,30,19,26,68,0,13,DE,2019,10
2019-11-01,48,0,34,20,30,58,100,13,DE,2019,11
2019-12-01,39,0,26,15,22,60,0,11,DE,2019,12
2020-01-01,43,0,35,25,31,69,0,14,DE,2020,1
2020-02-01,42,0,32,19,28,56,0,13,DE,2020,2
2020-03-01,41,3,37,16,26,55,0,15,DE,2020,3
2020-04-01,44,0,36,16,28,78,26,13,DE,2020,4
2020-05-01,48,0,37,18,26,84,0,14,DE,2020,5
2020-06-01,38,0,31,18,26,83,0,13,DE,2020,6
2020-07-01,33,0,26,20,27,83,0,13,DE,2020,7
2020-08-01,28,0,29,15,23,74,0,14,DE,2020,8
2020-09-01,41,0,39,18,24,88,0,14,DE,2020,9
2020-10-01,36,0,32,17,25,69,0,12,DE,2020,10
2020-11-01,43,7,34,18,31,57,0,12,DE,2020,11
2020-12-01,37,6,29,16,25,56,0,11,DE,2020,12
2005-01-01,35,0,24,24,23,16,88,42,KR,2005,1
2005-02-01,27,0,19,15,23,14,100,51,KR,2005,2
2005-03-01,50,0,28,24,29,16,0,47,KR,2005,3
2005-04-01,52,0,29,29,28,18,0,39,KR,2005,4
2005-05-01,48,30,30,32,28,19,0,43,KR,2005,5
2005-06-01,46,0,27,27,26,21,0,40,KR,2005,6
2005-07-01,35,100,22,23,23,20,52,31,KR,2005,7
2005-08-01,33,0,21,17,22,19,0,42,KR,2005,8
2005-09-01,41,26,23,24,24,25,53,37,KR,2005,9
2005-10-01,44,39,24,19,22,17,0,28,KR,2005,10
2005-11-01,40,0,24,21,23,16,0,45,KR,2005,11
2005-12-01,34,0,24,18,21,14,0,38,KR,2005,12
2006-01-01,26,0,20,17,18,13,0,42,KR,2006,1
2006-02-01,27,0,21,17,19,15,0,30,KR,2006,2
2006-03-01,35,0,24,23,20,15,0,41,KR,2006,3
2006-04-01,46,0,22,21,21,17,71,38,KR,2006,4
2006-05-01,36,25,24,24,19,17,33,34,KR,2006,5
2006-06-01,36,0,25,16,18,19,56,42,KR,2006,6
2006-07-01,30,0,21,19,17,20,40,33,KR,2006,7
2006-08-01,33,35,22,20,17,19,0,33,KR,2006,8
2006-09-01,39,43,23,15,19,19,0,36,KR,2006,9
2006-10-01,36,0,21,16,16,15,0,32,KR,2006,10
2006-11-01,37,0,24,17,20,16,0,34,KR,2006,11
2006-12-01,32,0,22,17,17,14,0,36,KR,2006,12
2007-01-01,27,0,20,16,17,13,0,34,KR,2007,1
2007-02-01,25,0,19,13,15,13,0,35,KR,2007,2
2007-03-01,40,20,26,20,19,16,0,35,KR,2007,3
2007-04-01,43,0,27,22,19,17,0,28,KR,2007,4
2007-05-01,37,14,25,17,19,17,0,29,KR,2007,5
2007-06-01,35,0,25,16,16,19,35,29,KR,2007,6
2007-07-01,30,0,23,15,16,20,0,29,KR,2007,7
2007-08-01,26,0,19,15,14,19,0,34,KR,2007,8
2007-09-01,30,0,21,14,14,20,0,28,KR,2007,9
2007-10-01,35,0,22,16,16,18,0,28,KR,2007,10
2007-11-01,34,0,24,18,18,22,0,29,KR,2007,11
2007-12-01,29,0,20,13,13,22,0,23,KR,2007,12
2008-01-01,24,9,17,12,12,23,0,25,KR,2008,1
2008-02-01,21,0,15,9,12,24,0,25,KR,2008,2
2008-03-01,33,0,22,12,15,29,0,28,KR,2008,3
2008-04-01,34,0,21,16,15,31,0,30,KR,2008,4
2008-05-01,29,0,21,16,15,29,0,25,KR,2008,5
2008-06-01,30,0,21,15,16,27,0,29,KR,2008,6
2008-07-01,27,0,19,13,15,27,0,27,KR,2008,7
2008-08-01,22,0,17,10,11,30,0,23,KR,2008,8
2008-09-01,28,7,19,12,13,24,12,25,KR,2008,9
2008-10-01,28,10,19,14,13,23,11,26,KR,2008,10
2008-11-01,27,12,19,13,15,19,0,24,KR,2008,11
2008-12-01,27,0,19,12,14,16,0,27,KR,2008,12
2009-01-01,19,6,15,12,11,12,0,17,KR,2009,1
2009-02-01,22,9,17,9,12,13,0,23,KR,2009,2
2009-03-01,26,0,19,12,13,11,0,19,KR,2009,3
2009-04-01,27,6,19,14,14,13,0,24,KR,2009,4
2009-05-01,24,14,18,11,13,12,0,13,KR,2009,5
2009-06-01,24,7,18,11,12,14,0,18,KR,2009,6
2009-07-01,24,0,16,10,12,13,0,23,KR,2009,7
2009-08-01,20,0,14,8,11,12,0,21,KR,2009,8
2009-09-01,24,0,17,9,11,12,11,20,KR,2009,9
2009-10-01,21,0,15,13,10,10,0,20,KR,2009,10
2009-11-01,25,6,17,11,11,10,0,25,KR,2009,11
2009-12-01,23,0,16,11,11,10,0,20,KR,2009,12
2010-01-01,17,0,13,7,9,9,0,19,KR,2010,1
2010-02-01,16,4,12,7,9,9,0,20,KR,2010,2
2010-03-01,24,4,16,11,11,10,0,21,KR,2010,3
2010-04-01,25,4,15,12,11,12,0,23,KR,2010,4
2010-05-01,22,0,15,11,10,12,10,19,KR,2010,5
2010-06-01,22,0,16,10,10,12,9,20,KR,2010,6
2010-07-01,18,4,13,10,9,14,9,16,KR,2010,7
2010-08-01,17,0,12,8,8,14,0,19,KR,2010,8
2010-09-01,25,0,20,13,13,24,0,24,KR,2010,9
2010-10-01,32,0,23,30,14,25,0,34,KR,2010,10
2010-11-01,30,0,26,13,13,24,0,28,KR,2010,11
2010-12-01,36,5,23,17,14,20,0,31,KR,2010,12
2011-01-01,37,0,29,15,19,29,0,51,KR,2011,1
2011-02-01,22,0,15,9,11,18,0,30,KR,2011,2
2011-03-01,35,0,20,12,13,22,0,34,KR,2011,3
2011-04-01,40,0,21,17,14,25,0,35,KR,2011,4
2011-05-01,36,0,19,16,14,27,0,33,KR,2011,5
2011-06-01,36,0,21,15,15,29,0,33,KR,2011,6
2011-07-01,33,0,19,15,14,31,0,37,KR,2011,7
2011-08-01,30,5,19,13,13,30,0,33,KR,2011,8
2011-09-01,37,0,24,14,14,29,0,33,KR,2011,9
2011-10-01,47,0,25,16,18,33,0,34,KR,2011,10
2011-11-01,45,3,30,17,19,32,0,43,KR,2011,11
2011-12-01,43,0,25,15,15,25,0,41,KR,2011,12
2012-01-01,49,0,38,19,23,42,0,48,KR,2012,1
2012-02-01,48,8,39,21,26,46,0,57,KR,2012,2
2012-03-01,59,0,44,22,28,46,0,63,KR,2012,3
2012-04-01,51,0,27,18,21,37,0,42,KR,2012,4
2012-05-01,41,0,24,17,19,35,0,39,KR,2012,5
2012-06-01,43,0,23,16,18,38,0,38,KR,2012,6
2012-07-01,36,0,22,16,17,40,0,39,KR,2012,7
2012-08-01,36,0,24,15,17,43,0,38,KR,2012,8
2012-09-01,40,2,24,15,18,39,0,38,KR,2012,9
2012-10-01,47,0,23,17,20,36,0,42,KR,2012,10
2012-11-01,43,0,26,18,21,36,0,38,KR,2012,11
2012-12-01,46,0,24,16,19,38,5,40,KR,2012,12
2013-01-01,37,2,23,15,17,27,8,37,KR,2013,1
2013-02-01,36,0,23,15,19,31,0,43,KR,2013,2
2013-03-01,43,0,25,17,19,32,0,43,KR,2013,3
2013-04-01,48,0,27,24,21,40,0,43,KR,2013,4
2013-05-01,46,0,26,19,23,39,0,50,KR,2013,5
2013-06-01,41,0,26,19,21,41,0,42,KR,2013,6
2013-07-01,45,0,25,19,21,42,5,45,KR,2013,7
2013-08-01,39,6,25,17,20,40,0,41,KR,2013,8
2013-09-01,43,8,27,18,19,35,0,40,KR,2013,9
2013-10-01,55,0,27,21,23,41,0,45,KR,2013,10
2013-11-01,48,0,27,19,33,33,0,39,KR,2013,11
2013-12-01,44,0,27,17,37,29,0,42,KR,2013,12
2014-01-01,35,0,27,15,37,27,0,41,KR,2014,1
2014-02-01,38,0,26,16,42,32,0,46,KR,2014,2
2014-03-01,46,0,33,18,44,35,0,48,KR,2014,3
2014-04-01,54,0,36,22,46,36,0,46,KR,2014,4
2014-05-01,48,0,31,19,50,38,3,44,KR,2014,5
2014-06-01,48,0,35,19,34,39,8,48,KR,2014,6
2014-07-01,40,2,29,17,31,38,0,46,KR,2014,7
2014-08-01,42,0,26,16,30,36,0,40,KR,2014,8
2014-09-01,44,0,30,16,29,38,0,41,KR,2014,9
2014-10-01,51,0,28,19,33,40,0,47,KR,2014,10
2014-11-01,49,0,30,20,33,37,0,43,KR,2014,11
2014-12-01,41,0,30,17,31,28,0,42,KR,2014,12
2015-01-01,38,0,30,17,32,31,0,47,KR,2015,1
2015-02-01,38,0,25,16,31,32,0,47,KR,2015,2
2015-03-01,53,0,33,21,31,35,0,48,KR,2015,3
2015-04-01,59,0,31,25,33,40,0,52,KR,2015,4
2015-05-01,51,0,27,20,30,39,0,43,KR,2015,5
2015-06-01,53,0,29,21,29,40,0,45,KR,2015,6
2015-07-01,42,0,29,21,30,40,0,45,KR,2015,7
2015-08-01,40,0,28,19,26,40,0,42,KR,2015,8
2015-09-01,49,0,31,20,29,39,6,42,KR,2015,9
2015-10-01,52,0,29,21,29,36,0,44,KR,2015,10
2015-11-01,52,0,31,20,28,33,0,44,KR,2015,11
2015-12-01,48,0,32,19,27,32,0,45,KR,2015,12
2016-01-01,42,0,31,19,26,38,0,44,KR,2016,1
2016-02-01,42,0,31,20,28,43,0,49,KR,2016,2
2016-03-01,57,0,35,22,31,45,0,52,KR,2016,3
2016-04-01,62,2,33,23,30,47,0,50,KR,2016,4
2016-05-01,60,0,35,23,35,51,0,52,KR,2016,5
2016-06-01,63,1,37,25,40,47,7,50,KR,2016,6
2016-07-01,51,0,34,27,36,53,0,52,KR,2016,7
2016-08-01,47,0,33,24,32,55,0,49,KR,2016,8
2016-09-01,54,0,39,25,32,49,0,50,KR,2016,9
2016-10-01,67,0,40,25,34,53,0,55,KR,2016,10
2016-11-01,58,0,36,23,30,53,3,54,KR,2016,11
2016-12-01,54,1,36,23,31,43,4,51,KR,2016,12
2017-01-01,48,0,36,23,26,47,0,50,KR,2017,1
2017-02-01,48,3,40,23,28,46,0,59,KR,2017,2
2017-03-01,68,0,46,24,33,53,0,57,KR,2017,3
2017-04-01,73,0,41,25,33,62,0,55,KR,2017,4
2017-05-01,60,1,38,26,32,57,0,50,KR,2017,5
2017-06-01,58,0,40,25,31,57,0,55,KR,2017,6
2017-07-01,53,3,36,22,35,56,0,53,KR,2017,7
2017-08-01,51,0,40,100,35,56,0,51,KR,2017,8
2017-09-01,57,3,47,55,56,53,0,53,KR,2017,9
2017-10-01,61,0,38,25,43,49,0,52,KR,2017,10
2017-11-01,62,0,41,26,49,47,0,54,KR,2017,11
2017-12-01,59,1,42,23,89,46,0,56,KR,2017,12
2018-01-01,53,0,38,21,100,53,0,59,KR,2018,1
2018-02-01,53,0,39,21,64,48,0,54,KR,2018,2
2018-03-01,65,0,45,24,55,58,0,61,KR,2018,3
2018-04-01,73,0,44,25,53,57,0,60,KR,2018,4
2018-05-01,65,2,42,26,47,56,0,66,KR,2018,5
2018-06-01,68,0,41,23,40,56,0,57,KR,2018,6
2018-07-01,57,0,41,22,40,53,0,57,KR,2018,7
2018-08-01,54,0,42,22,38,53,0,55,KR,2018,8
2018-09-01,60,0,42,22,38,53,3,52,KR,2018,9
2018-10-01,72,0,38,22,41,54,0,58,KR,2018,10
2018-11-01,69,0,44,32,44,62,0,66,KR,2018,11
2018-12-01,60,0,38,22,40,43,0,57,KR,2018,12
2019-01-01,53,3,40,21,37,42,0,61,KR,2019,1
2019-02-01,47,0,39,24,36,43,0,57,KR,2019,2
2019-03-01,64,0,43,25,41,45,0,67,KR,2019,3
2019-04-01,74,0,44,27,47,54,0,68,KR,2019,4
2019-05-01,71,0,38,23,50,52,0,63,KR,2019,5
2019-06-01,80,0,44,25,44,59,0,64,KR,2019,6
2019-07-01,54,0,34,21,40,51,2,55,KR,2019,7
2019-08-01,48,0,46,23,43,52,0,59,KR,2019,8
2019-09-01,63,0,47,24,42,50,2,62,KR,2019,9
2019-10-01,72,0,43,25,40,50,0,59,KR,2019,10
2019-11-01,69,0,46,24,40,47,2,65,KR,2019,11
2019-12-01,68,0,44,22,40,45,0,64,KR,2019,12
2020-01-01,59,2,47,22,41,54,5,65,KR,2020,1
2020-02-01,62,0,49,23,44,51,0,70,KR,2020,2
2020-03-01,75,0,68,24,46,54,0,81,KR,2020,3
2020-04-01,92,0,85,26,48,60,0,70,KR,2020,4
2020-05-01,99,0,75,31,47,65,0,77,KR,2020,5
2020-06-01,100,0,72,35,47,65,5,100,KR,2020,6
2020-07-01,88,0,71,32,51,70,0,95,KR,2020,7
2020-08-01,80,0,75,26,48,73,0,73,KR,2020,8
2020-09-01,96,0,100,29,51,93,0,74,KR,2020,9
2020-10-01,90,0,75,25,46,63,0,66,KR,2020,10
2020-11-01,81,1,72,26,48,100,0,69,KR,2020,11
2020-12-01,85,4,90,25,61,65,0,81,KR,2020,12
2005-01-01,100,0,68,77,100,50,0,63,FR,2005,1
2005-02-01,84,0,59,77,100,46,0,68,FR,2005,2
2005-03-01,88,0,70,82,94,53,0,65,FR,2005,3
2005-04-01,81,0,61,73,90,62,60,71,FR,2005,4
2005-05-01,85,0,67,88,94,83,0,63,FR,2005,5
2005-06-01,80,0,74,84,90,85,0,64,FR,2005,6
2005-07-01,44,0,46,61,77,87,0,51,FR,2005,7
2005-08-01,39,0,41,60,69,56,100,41,FR,2005,8
2005-09-01,85,0,68,83,78,66,0,60,FR,2005,9
2005-10-01,83,0,60,80,84,61,96,57,FR,2005,10
2005-11-01,92,100,65,82,83,55,0,52,FR,2005,11
2005-12-01,76,98,54,68,76,45,0,52,FR,2005,12
2006-01-01,100,0,72,77,79,54,0,60,FR,2006,1
2006-02-01,80,0,61,81,78,56,0,60,FR,2006,2
2006-03-01,94,0,83,88,82,61,0,58,FR,2006,3
2006-04-01,70,82,64,92,76,66,0,56,FR,2006,4
2006-05-01,82,0,68,95,80,70,0,49,FR,2006,5
2006-06-01,80,0,83,100,79,91,0,51,FR,2006,6
2006-07-01,39,0,47,85,67,79,0,50,FR,2006,7
2006-08-01,40,0,46,63,64,61,0,48,FR,2006,8
2006-09-01,91,0,84,81,71,70,0,56,FR,2006,9
2006-10-01,89,0,76,77,82,65,0,51,FR,2006,10
2006-11-01,99,0,81,72,84,61,0,54,FR,2006,11
2006-12-01,84,0,71,59,76,56,0,48,FR,2006,12
2007-01-01,95,0,75,68,86,60,0,59,FR,2007,1
2007-02-01,81,0,74,67,75,60,0,50,FR,2007,2
2007-03-01,90,0,89,72,83,65,0,58,FR,2007,3
2007-04-01,70,82,68,57,62,66,34,51,FR,2007,4
2007-05-01,81,0,74,57,84,76,24,54,FR,2007,5
2007-06-01,71,0,94,56,74,92,0,53,FR,2007,6
2007-07-01,39,0,53,41,64,100,0,51,FR,2007,7
2007-08-01,33,63,49,35,56,65,0,39,FR,2007,8
2007-09-01,84,0,75,62,72,73,0,48,FR,2007,9
2007-10-01,89,0,80,60,76,70,0,58,FR,2007,10
2007-11-01,92,29,78,59,83,65,0,53,FR,2007,11
2007-12-01,79,0,66,51,70,54,0,44,FR,2007,12
2008-01-01,85,0,72,51,70,65,11,49,FR,2008,1
2008-02-01,75,0,64,52,72,66,0,53,FR,2008,2
2008-03-01,79,85,81,49,74,62,0,48,FR,2008,3
2008-04-01,69,0,68,48,68,65,0,48,FR,2008,4
2008-05-01,71,0,70,50,68,74,0,45,FR,2008,5
2008-06-01,62,0,85,48,65,83,0,47,FR,2008,6
2008-07-01,33,54,50,35,55,82,0,43,FR,2008,7
2008-08-01,34,39,44,28,53,62,0,36,FR,2008,8
2008-09-01,76,0,76,44,62,67,0,45,FR,2008,9
2008-10-01,74,0,75,45,64,65,0,47,FR,2008,10
2008-11-01,74,31,77,41,72,56,0,44,FR,2008,11
2008-12-01,65,0,65,40,62,51,0,44,FR,2008,12
2009-01-01,68,0,77,42,60,50,0,50,FR,2009,1
2009-02-01,63,20,68,39,60,51,30,53,FR,2009,2
2009-03-01,73,0,82,42,60,56,25,49,FR,2009,3
2009-04-01,56,0,62,38,58,55,0,47,FR,2009,4
2009-05-01,58,0,75,34,53,69,8,45,FR,2009,5
2009-06-01,57,0,82,33,51,75,0,42,FR,2009,6
2009-07-01,29,27,50,23,46,82,0,45,FR,2009,7
2009-08-01,26,0,43,20,41,54,0,32,FR,2009,8
2009-09-01,67,0,79,33,52,62,0,46,FR,2009,9
2009-10-01,67,0,78,37,55,55,17,45,FR,2009,10
2009-11-01,72,0,84,39,63,51,0,45,FR,2009,11
2009-12-01,51,0,67,32,51,46,0,43,FR,2009,12
2010-01-01,63,0,79,33,51,45,0,45,FR,2010,1
2010-02-01,54,0,69,32,51,43,0,46,FR,2010,2
2010-03-01,61,45,87,33,55,47,0,50,FR,2010,3
2010-04-01,53,0,68,33,50,49,0,45,FR,2010,4
2010-05-01,57,11,77,32,51,69,0,45,FR,2010,5
2010-06-01,53,0,84,31,54,62,0,46,FR,2010,6
2010-07-01,26,0,37,19,41,66,5,37,FR,2010,7
2010-08-01,23,0,36,17,37,42,0,31,FR,2010,8
2010-09-01,59,0,65,28,45,54,0,43,FR,2010,9
2010-10-01,57,0,62,29,50,49,0,41,FR,2010,10
2010-11-01,60,16,66,29,48,42,0,40,FR,2010,11
2010-12-01,46,0,56,27,45,41,0,38,FR,2010,12
2011-01-01,70,0,79,32,56,53,0,56,FR,2011,1
2011-02-01,53,0,74,28,54,49,0,49,FR,2011,2
2011-03-01,56,0,71,31,51,52,0,59,FR,2011,3
2011-04-01,51,0,65,29,50,56,0,46,FR,2011,4
2011-05-01,63,0,73,30,51,78,0,57,FR,2011,5
2011-06-01,48,0,70,25,50,71,0,44,FR,2011,6
2011-07-01,25,14,43,19,45,88,0,41,FR,2011,7
2011-08-01,26,18,38,17,37,50,7,31,FR,2011,8
2011-09-01,58,0,78,27,52,61,6,49,FR,2011,9
2011-10-01,60,0,71,27,48,54,9,44,FR,2011,10
2011-11-01,65,26,79,32,57,54,0,47,FR,2011,11
2011-12-01,48,0,59,25,50,44,7,42,FR,2011,12
2012-01-01,62,0,73,29,56,47,0,45,FR,2012,1
2012-02-01,51,0,65,25,50,46,0,48,FR,2012,2
2012-03-01,52,6,65,27,50,50,0,48,FR,2012,3
2012-04-01,49,0,66,27,51,56,0,52,FR,2012,4
2012-05-01,51,0,66,25,48,61,4,46,FR,2012,5
2012-06-01,44,0,72,23,46,78,0,48,FR,2012,6
2012-07-01,23,0,38,17,40,71,0,43,FR,2012,7
2012-08-01,21,0,35,14,36,58,0,34,FR,2012,8
2012-09-01,57,0,67,25,48,57,0,48,FR,2012,9
2012-10-01,58,0,70,28,50,51,4,48,FR,2012,10
2012-11-01,58,0,69,27,53,45,0,48,FR,2012,11
2012-12-01,47,0,59,25,47,39,0,39,FR,2012,12
2013-01-01,54,0,66,27,44,41,0,44,FR,2013,1
2013-02-01,50,0,61,25,48,45,0,46,FR,2013,2
2013-03-01,47,0,70,24,47,43,0,44,FR,2013,3
2013-04-01,47,0,58,22,45,53,0,49,FR,2013,4
2013-05-01,47,0,63,20,52,61,0,42,FR,2013,5
2013-06-01,40,0,63,21,41,79,0,44,FR,2013,6
2013-07-01,20,7,34,15,42,61,0,45,FR,2013,7
2013-08-01,23,0,30,13,34,50,0,30,FR,2013,8
2013-09-01,52,0,65,23,43,51,0,45,FR,2013,9
2013-10-01,49,10,56,21,44,52,3,49,FR,2013,10
2013-11-01,54,0,69,26,47,41,0,44,FR,2013,11
2013-12-01,52,0,55,19,49,36,0,42,FR,2013,12
2014-01-01,56,0,65,24,49,43,0,47,FR,2014,1
2014-02-01,54,0,65,22,49,40,3,53,FR,2014,2
2014-03-01,48,0,58,22,52,42,0,47,FR,2014,3
2014-04-01,47,0,57,20,45,49,0,45,FR,2014,4
2014-05-01,51,0,56,18,43,58,11,41,FR,2014,5
2014-06-01,39,8,56,19,42,59,0,44,FR,2014,6
2014-07-01,20,6,31,13,40,62,0,45,FR,2014,7
2014-08-01,20,5,28,12,30,44,0,28,FR,2014,8
2014-09-01,51,0,60,21,42,47,0,46,FR,2014,9
2014-10-01,53,0,53,22,47,47,0,47,FR,2014,10
2014-11-01,55,0,64,22,48,44,0,46,FR,2014,11
2014-12-01,46,16,52,19,43,36,0,43,FR,2014,12
2015-01-01,55,6,62,24,47,41,2,50,FR,2015,1
2015-02-01,49,0,65,21,42,39,0,48,FR,2015,2
2015-03-01,52,0,62,22,43,44,0,47,FR,2015,3
2015-04-01,50,10,57,24,43,49,0,51,FR,2015,4
2015-05-01,48,0,53,18,38,55,0,38,FR,2015,5
2015-06-01,42,0,60,20,42,67,0,48,FR,2015,6
2015-07-01,21,0,33,14,37,71,0,42,FR,2015,7
2015-08-01,21,0,32,13,33,48,0,35,FR,2015,8
2015-09-01,61,0,71,23,47,52,0,55,FR,2015,9
2015-10-01,50,8,55,21,42,44,2,48,FR,2015,10
2015-11-01,56,0,68,27,45,38,2,47,FR,2015,11
2015-12-01,45,0,54,18,44,36,0,43,FR,2015,12
2016-01-01,60,0,69,26,54,39,6,93,FR,2016,1
2016-02-01,54,5,66,21,55,38,3,81,FR,2016,2
2016-03-01,61,0,68,32,53,40,0,68,FR,2016,3
2016-04-01,48,21,57,19,49,48,0,69,FR,2016,4
2016-05-01,52,0,64,20,59,59,0,64,FR,2016,5
2016-06-01,45,0,69,19,49,55,3,55,FR,2016,6
2016-07-01,19,0,34,12,40,58,0,46,FR,2016,7
2016-08-01,21,0,35,11,37,48,0,37,FR,2016,8
2016-09-01,56,0,68,19,48,44,0,53,FR,2016,9
2016-10-01,53,0,60,20,53,43,0,54,FR,2016,10
2016-11-01,58,0,67,26,53,38,9,54,FR,2016,11
2016-12-01,47,14,51,19,51,32,3,46,FR,2016,12
2017-01-01,56,0,67,23,52,39,0,55,FR,2017,1
2017-02-01,43,0,53,18,48,36,0,52,FR,2017,2
2017-03-01,53,0,62,23,48,40,0,54,FR,2017,3
2017-04-01,47,0,51,17,45,45,0,51,FR,2017,4
2017-05-01,49,0,58,19,47,48,0,53,FR,2017,5
2017-06-01,41,0,59,18,47,59,0,50,FR,2017,6
2017-07-01,22,0,33,12,42,74,0,45,FR,2017,7
2017-08-01,22,0,32,12,41,49,2,40,FR,2017,8
2017-09-01,54,4,67,20,48,45,0,55,FR,2017,9
2017-10-01,56,0,67,22,52,45,4,57,FR,2017,10
2017-11-01,54,0,66,21,52,39,0,52,FR,2017,11
2017-12-01,48,0,55,18,51,33,0,48,FR,2017,12
2018-01-01,57,0,69,21,53,41,2,59,FR,2018,1
2018-02-01,46,0,56,21,46,35,0,55,FR,2018,2
2018-03-01,51,0,68,19,45,38,0,53,FR,2018,3
2018-04-01,45,0,50,17,42,46,0,49,FR,2018,4
2018-05-01,46,9,61,17,43,55,0,51,FR,2018,5
2018-06-01,42,0,59,17,44,60,0,51,FR,2018,6
2018-07-01,20,0,32,11,37,66,0,46,FR,2018,7
2018-08-01,21,0,30,10,35,42,0,37,FR,2018,8
2018-09-01,53,13,64,18,45,48,0,50,FR,2018,9
2018-10-01,50,0,61,19,52,43,0,52,FR,2018,10
2018-11-01,58,0,71,21,53,42,0,55,FR,2018,11
2018-12-01,39,0,47,16,45,34,3,72,FR,2018,12
2019-01-01,50,0,64,22,48,42,4,100,FR,2019,1
2019-02-01,41,0,50,15,44,41,0,90,FR,2019,2
2019-03-01,48,0,62,18,46,42,0,65,FR,2019,3
2019-04-01,43,0,62,17,44,47,0,63,FR,2019,4
2019-05-01,40,4,55,26,44,58,0,56,FR,2019,5
2019-06-01,38,0,59,19,43,72,0,55,FR,2019,6
2019-07-01,20,0,33,11,35,88,0,55,FR,2019,7
2019-08-01,20,0,30,10,36,46,0,44,FR,2019,8
2019-09-01,50,0,65,19,44,49,0,56,FR,2019,9
2019-10-01,46,0,55,18,46,45,0,62,FR,2019,10
2019-11-01,47,0,65,19,52,42,0,66,FR,2019,11
2019-12-01,40,0,53,15,47,35,0,57,FR,2019,12
2020-01-01,50,8,63,19,54,42,0,66,FR,2020,1
2020-02-01,42,0,49,18,43,38,3,65,FR,2020,2
2020-03-01,56,0,100,24,39,31,2,61,FR,2020,3
2020-04-01,59,5,83,25,39,34,0,97,FR,2020,4
2020-05-01,53,0,74,18,42,44,0,62,FR,2020,5
2020-06-01,40,0,60,18,43,39,0,57,FR,2020,6
2020-07-01,22,0,37,13,39,43,0,57,FR,2020,7
2020-08-01,22,0,36,10,35,49,0,41,FR,2020,8
2020-09-01,56,0,71,24,46,73,0,66,FR,2020,9
2020-10-01,46,0,58,22,44,55,0,65,FR,2020,10
2020-11-01,64,0,81,25,51,37,0,71,FR,2020,11
2020-12-01,46,0,60,17,48,31,0,57,FR,2020,12
2005-01-01,77,0,87,97,97,67,100,94,GB,2005,1
2005-02-01,82,0,75,100,100,61,0,97,GB,2005,2
2005-03-01,80,0,74,93,86,61,0,88,GB,2005,3
2005-04-01,77,0,89,99,87,84,0,100,GB,2005,4
2005-05-01,84,0,95,97,85,76,0,84,GB,2005,5
2005-06-01,71,0,69,88,85,100,52,79,GB,2005,6
2005-07-01,53,0,51,73,79,93,0,85,GB,2005,7
2005-08-01,43,100,31,78,69,80,0,96,GB,2005,8
2005-09-01,70,0,68,73,65,73,44,91,GB,2005,9
2005-10-01,80,0,75,86,75,59,0,89,GB,2005,10
2005-11-01,92,0,85,93,86,60,52,92,GB,2005,11
2005-12-01,59,91,52,73,68,50,0,64,GB,2005,12
2006-01-01,78,0,84,79,75,63,0,87,GB,2006,1
2006-02-01,84,0,76,84,75,61,0,88,GB,2006,2
2006-03-01,90,0,100,87,78,65,0,97,GB,2006,3
2006-04-01,63,0,62,71,64,71,0,78,GB,2006,4
2006-05-01,81,0,85,77,68,71,68,82,GB,2006,5
2006-06-01,64,61,66,68,68,88,0,74,GB,2006,6
2006-07-01,51,0,46,64,78,92,0,84,GB,2006,7
2006-08-01,43,0,33,62,59,80,0,84,GB,2006,8
2006-09-01,68,0,76,62,56,73,0,89,GB,2006,9
2006-10-01,75,0,72,73,60,63,0,85,GB,2006,10
2006-11-01,90,0,87,81,68,60,0,76,GB,2006,11
2006-12-01,59,0,56,67,54,53,0,59,GB,2006,12
2007-01-01,78,0,87,80,65,65,0,84,GB,2007,1
2007-02-01,74,0,83,73,64,58,0,79,GB,2007,2
2007-03-01,85,0,98,76,63,63,47,83,GB,2007,3
2007-04-01,63,0,72,58,53,75,0,77,GB,2007,4
2007-05-01,76,0,86,68,56,75,0,79,GB,2007,5
2007-06-01,64,0,67,57,50,85,0,80,GB,2007,6
2007-07-01,51,0,52,58,51,92,0,73,GB,2007,7
2007-08-01,34,0,30,54,44,78,0,71,GB,2007,8
2007-09-01,65,0,72,54,46,65,21,70,GB,2007,9
2007-10-01,78,0,80,66,54,57,0,82,GB,2007,10
2007-11-01,95,0,90,71,71,52,0,87,GB,2007,11
2007-12-01,56,0,49,54,44,44,0,58,GB,2007,12
2008-01-01,74,0,81,61,53,57,0,78,GB,2008,1
2008-02-01,68,0,72,57,57,53,17,83,GB,2008,2
2008-03-01,74,0,71,53,50,53,49,71,GB,2008,3
2008-04-01,76,0,71,56,52,62,0,79,GB,2008,4
2008-05-01,75,0,69,52,46,62,0,76,GB,2008,5
2008-06-01,66,97,64,45,42,76,23,87,GB,2008,6
2008-07-01,45,0,43,41,43,72,0,84,GB,2008,7
2008-08-01,37,0,30,41,37,65,0,81,GB,2008,8
2008-09-01,64,0,69,43,43,57,0,84,GB,2008,9
2008-10-01,77,0,61,50,51,49,0,83,GB,2008,10
2008-11-01,89,0,69,55,52,41,0,82,GB,2008,11
2008-12-01,62,21,45,46,42,37,0,69,GB,2008,12
2009-01-01,72,0,66,46,50,47,0,75,GB,2009,1
2009-02-01,76,0,62,46,50,45,12,88,GB,2009,2
2009-03-01,94,16,72,45,46,48,0,89,GB,2009,3
2009-04-01,69,0,52,41,43,53,0,81,GB,2009,4
2009-05-01,80,16,65,42,43,58,0,82,GB,2009,5
2009-06-01,69,20,57,38,43,66,0,82,GB,2009,6
2009-07-01,48,0,40,35,41,71,0,88,GB,2009,7
2009-08-01,41,0,30,36,38,52,0,87,GB,2009,8
2009-09-01,77,17,68,40,43,53,0,88,GB,2009,9
2009-10-01,91,0,61,44,46,44,0,88,GB,2009,10
2009-11-01,100,0,72,51,49,41,0,88,GB,2009,11
2009-12-01,64,0,45,38,42,35,0,75,GB,2009,12
2010-01-01,81,27,61,41,47,38,10,79,GB,2010,1
2010-02-01,85,0,55,42,42,39,19,89,GB,2010,2
2010-03-01,97,21,73,45,53,43,0,91,GB,2010,3
2010-04-01,73,0,54,41,42,51,0,87,GB,2010,4
2010-05-01,88,19,60,43,50,50,0,90,GB,2010,5
2010-06-01,71,0,53,38,41,59,0,82,GB,2010,6
2010-07-01,49,12,36,33,37,55,0,79,GB,2010,7
2010-08-01,38,12,27,33,34,45,0,84,GB,2010,8
2010-09-01,77,0,58,36,36,46,0,83,GB,2010,9
2010-10-01,86,19,53,40,43,43,0,83,GB,2010,10
2010-11-01,93,0,57,43,45,36,0,83,GB,2010,11
2010-12-01,60,0,34,32,37,28,0,66,GB,2010,12
2011-01-01,93,0,64,42,38,51,0,65,GB,2011,1
2011-02-01,76,0,51,37,35,43,0,61,GB,2011,2
2011-03-01,94,0,58,39,35,47,13,59,GB,2011,3
2011-04-01,60,0,40,34,32,60,0,58,GB,2011,4
2011-05-01,88,0,57,40,37,64,11,62,GB,2011,5
2011-06-01,70,0,48,33,33,81,16,61,GB,2011,6
2011-07-01,46,21,37,30,29,76,0,59,GB,2011,7
2011-08-01,32,0,23,28,29,57,0,55,GB,2011,8
2011-09-01,71,0,49,31,31,57,27,58,GB,2011,9
2011-10-01,78,0,48,39,34,47,6,61,GB,2011,10
2011-11-01,98,0,55,45,37,45,0,60,GB,2011,11
2011-12-01,56,0,33,30,30,39,0,51,GB,2011,12
2012-01-01,92,10,54,43,34,55,5,62,GB,2012,1
2012-02-01,84,0,50,36,34,43,0,58,GB,2012,2
2012-03-01,89,0,49,34,34,51,0,56,GB,2012,3
2012-04-01,77,0,43,33,32,61,7,57,GB,2012,4
2012-05-01,86,0,52,35,34,58,0,57,GB,2012,5
2012-06-01,60,11,38,25,27,66,0,54,GB,2012,6
2012-07-01,38,0,31,27,28,79,5,56,GB,2012,7
2012-08-01,30,35,22,24,27,84,10,52,GB,2012,8
2012-09-01,70,0,49,26,30,69,0,60,GB,2012,9
2012-10-01,89,0,46,41,32,50,0,60,GB,2012,10
2012-11-01,94,0,49,39,36,46,0,60,GB,2012,11
2012-12-01,66,0,34,27,30,40,0,54,GB,2012,12
2013-01-01,77,0,47,36,31,49,0,69,GB,2013,1
2013-02-01,73,0,43,30,32,42,0,59,GB,2013,2
2013-03-01,75,7,44,30,33,45,0,62,GB,2013,3
2013-04-01,64,0,40,30,31,58,0,70,GB,2013,4
2013-05-01,77,0,43,30,32,58,0,69,GB,2013,5
2013-06-01,66,16,41,23,27,74,0,60,GB,2013,6
2013-07-01,40,0,31,23,32,82,0,66,GB,2013,7
2013-08-01,27,0,20,21,24,58,0,58,GB,2013,8
2013-09-01,68,0,43,25,26,51,8,63,GB,2013,9
2013-10-01,80,18,44,33,29,42,4,66,GB,2013,10
2013-11-01,84,0,49,37,34,40,0,67,GB,2013,11
2013-12-01,59,0,31,25,27,35,0,57,GB,2013,12
2014-01-01,76,0,49,32,30,45,0,72,GB,2014,1
2014-02-01,72,0,43,29,32,41,8,66,GB,2014,2
2014-03-01,83,0,46,32,31,47,5,68,GB,2014,3
2014-04-01,62,6,34,32,29,56,0,64,GB,2014,4
2014-05-01,72,6,40,31,32,56,0,58,GB,2014,5
2014-06-01,61,0,42,22,27,68,0,62,GB,2014,6
2014-07-01,35,0,33,22,30,70,0,55,GB,2014,7
2014-08-01,28,0,22,20,24,52,0,54,GB,2014,8
2014-09-01,73,0,43,26,26,52,0,64,GB,2014,9
2014-10-01,92,0,43,33,30,44,0,65,GB,2014,10
2014-11-01,89,0,45,31,32,38,0,65,GB,2014,11
2014-12-01,59,0,29,26,25,32,0,52,GB,2014,12
2015-01-01,88,0,44,32,31,44,4,71,GB,2015,1
2015-02-01,74,0,44,30,36,40,0,67,GB,2015,2
2015-03-01,85,0,44,31,29,41,4,72,GB,2015,3
2015-04-01,76,0,37,29,32,56,0,69,GB,2015,4
2015-05-01,74,0,40,31,30,53,0,66,GB,2015,5
2015-06-01,71,0,39,24,28,61,15,61,GB,2015,6
2015-07-01,39,0,30,23,27,79,0,63,GB,2015,7
2015-08-01,27,0,21,20,24,54,0,54,GB,2015,8
2015-09-01,77,0,49,27,27,50,0,67,GB,2015,9
2015-10-01,76,0,42,33,29,39,0,67,GB,2015,10
2015-11-01,83,10,48,34,32,37,0,61,GB,2015,11
2015-12-01,54,9,30,26,24,33,0,57,GB,2015,12
2016-01-01,74,0,45,29,30,43,7,71,GB,2016,1
2016-02-01,72,0,45,32,30,36,0,70,GB,2016,2
2016-03-01,68,0,40,27,29,40,5,63,GB,2016,3
2016-04-01,70,8,38,30,30,51,5,68,GB,2016,4
2016-05-01,79,0,45,32,30,52,0,66,GB,2016,5
2016-06-01,62,0,40,25,27,57,4,68,GB,2016,6
2016-07-01,33,7,27,19,25,72,5,62,GB,2016,7
2016-08-01,25,0,20,18,24,59,3,56,GB,2016,8
2016-09-01,58,0,45,22,26,52,0,65,GB,2016,9
2016-10-01,76,6,49,30,32,44,0,66,GB,2016,10
2016-11-01,86,7,54,34,32,40,0,63,GB,2016,11
2016-12-01,48,0,30,25,27,33,0,55,GB,2016,12
2017-01-01,81,0,48,30,32,45,0,71,GB,2017,1
2017-02-01,76,0,44,31,30,37,0,67,GB,2017,2
2017-03-01,79,0,48,29,31,42,0,65,GB,2017,3
2017-04-01,61,0,33,28,26,52,0,66,GB,2017,4
2017-05-01,80,0,43,30,32,51,0,62,GB,2017,5
2017-06-01,64,0,40,22,29,53,0,62,GB,2017,6
2017-07-01,38,0,28,21,23,86,0,65,GB,2017,7
2017-08-01,29,0,21,19,24,51,0,65,GB,2017,8
2017-09-01,65,0,44,26,25,45,0,69,GB,2017,9
2017-10-01,82,0,48,30,29,39,0,73,GB,2017,10
2017-11-01,87,0,44,31,31,33,0,61,GB,2017,11
2017-12-01,52,0,30,21,24,33,0,63,GB,2017,12
2018-01-01,83,0,49,30,31,44,0,77,GB,2018,1
2018-02-01,74,0,41,26,29,37,3,69,GB,2018,2
2018-03-01,75,0,44,27,31,41,0,67,GB,2018,3
2018-04-01,65,0,39,25,23,53,0,63,GB,2018,4
2018-05-01,76,0,43,26,26,47,0,65,GB,2018,5
2018-06-01,61,0,38,19,27,49,4,56,GB,2018,6
2018-07-01,34,0,25,18,26,66,0,60,GB,2018,7
2018-08-01,29,0,20,19,22,48,0,59,GB,2018,8
2018-09-01,64,0,45,22,23,54,0,58,GB,2018,9
2018-10-01,77,0,45,29,28,39,0,60,GB,2018,10
2018-11-01,92,0,48,33,31,39,0,68,GB,2018,11
2018-12-01,52,8,31,18,21,32,0,61,GB,2018,12
2019-01-01,71,0,46,26,28,42,0,67,GB,2019,1
2019-02-01,67,4,41,25,27,36,0,63,GB,2019,2
2019-03-01,73,9,46,24,27,42,3,61,GB,2019,3
2019-04-01,58,0,35,25,26,52,0,67,GB,2019,4
2019-05-01,70,0,39,25,28,49,6,60,GB,2019,5
2019-06-01,64,0,40,23,27,54,0,69,GB,2019,6
2019-07-01,35,0,27,24,25,76,0,61,GB,2019,7
2019-08-01,28,0,21,19,21,43,0,64,GB,2019,8
2019-09-01,65,4,48,24,24,46,0,63,GB,2019,9
2019-10-01,78,0,47,30,28,41,0,71,GB,2019,10
2019-11-01,83,0,49,32,31,39,7,68,GB,2019,11
2019-12-01,56,0,32,23,26,33,0,62,GB,2019,12
2020-01-01,72,0,47,28,30,43,0,79,GB,2020,1
2020-02-01,72,6,40,25,27,36,0,67,GB,2020,2
2020-03-01,93,0,80,24,26,31,0,67,GB,2020,3
2020-04-01,82,0,79,22,24,39,0,78,GB,2020,4
2020-05-01,83,0,81,24,26,53,6,82,GB,2020,5
2020-06-01,81,0,86,24,26,51,0,84,GB,2020,6
2020-07-01,53,0,50,23,26,54,5,82,GB,2020,7
2020-08-01,31,8,25,19,22,50,4,74,GB,2020,8
2020-09-01,69,0,72,25,26,49,0,72,GB,2020,9
2020-10-01,76,0,63,24,27,44,0,75,GB,2020,10
2020-11-01,85,0,67,27,28,40,0,82,GB,2020,11
2020-12-01,55,0,48,21,23,37,0,71,GB,2020,12
2005-01-01,92,0,62,95,100,54,0,86,CA,2005,1
2005-02-01,100,0,64,100,98,54,96,94,CA,2005,2
2005-03-01,89,100,45,93,94,60,0,100,CA,2005,3
2005-04-01,88,0,50,92,92,83,0,86,CA,2005,4
2005-05-01,75,0,44,95,82,76,0,68,CA,2005,5
2005-06-01,71,0,38,75,75,90,0,66,CA,2005,6
2005-07-01,47,0,29,67,72,100,0,57,CA,2005,7
2005-08-01,41,68,30,82,71,87,0,61,CA,2005,8
2005-09-01,89,0,53,95,81,76,0,55,CA,2005,9
2005-10-01,97,0,60,90,85,53,0,57,CA,2005,10
2005-11-01,89,0,63,90,87,42,0,70,CA,2005,11
2005-12-01,74,0,39,69,71,41,100,66,CA,2005,12
2006-01-01,78,0,50,85,75,51,0,77,CA,2006,1
2006-02-01,88,0,53,93,81,48,0,80,CA,2006,2
2006-03-01,84,0,52,82,75,61,0,88,CA,2006,3
2006-04-01,73,0,48,68,69,69,0,71,CA,2006,4
2006-05-01,64,41,41,64,65,69,54,56,CA,2006,5
2006-06-01,61,25,41,69,67,83,0,61,CA,2006,6
2006-07-01,41,0,25,61,62,80,0,62,CA,2006,7
2006-08-01,39,0,29,64,61,87,0,57,CA,2006,8
2006-09-01,82,33,48,69,64,73,0,56,CA,2006,9
2006-10-01,88,0,51,72,69,48,0,57,CA,2006,10
2006-11-01,92,0,54,78,66,40,0,59,CA,2006,11
2006-12-01,65,0,37,59,62,41,0,69,CA,2006,12
2007-01-01,74,0,47,68,66,45,0,82,CA,2007,1
2007-02-01,81,30,46,68,62,43,69,84,CA,2007,2
2007-03-01,83,0,45,66,65,56,0,79,CA,2007,3
2007-04-01,74,0,43,63,59,61,0,76,CA,2007,4
2007-05-01,63,0,35,55,52,64,0,61,CA,2007,5
2007-06-01,55,0,31,56,49,70,0,50,CA,2007,6
2007-07-01,37,0,25,47,51,80,0,55,CA,2007,7
2007-08-01,34,22,25,46,50,71,0,48,CA,2007,8
2007-09-01,73,0,43,62,51,59,0,51,CA,2007,9
2007-10-01,85,0,43,64,57,42,0,54,CA,2007,10
2007-11-01,79,0,49,64,58,39,0,54,CA,2007,11
2007-12-01,53,0,31,45,45,31,0,45,CA,2007,12
2008-01-01,63,0,36,48,46,35,47,60,CA,2008,1
2008-02-01,68,0,35,53,51,39,0,67,CA,2008,2
2008-03-01,60,0,33,51,45,40,23,68,CA,2008,3
2008-04-01,60,0,34,50,45,49,0,59,CA,2008,4
2008-05-01,50,0,29,40,42,53,0,43,CA,2008,5
2008-06-01,45,11,27,37,42,66,0,43,CA,2008,6
2008-07-01,30,0,19,36,39,65,0,40,CA,2008,7
2008-08-01,26,0,21,36,37,63,0,45,CA,2008,8
2008-09-01,59,0,32,48,41,50,0,41,CA,2008,9
2008-10-01,62,0,34,45,41,34,0,40,CA,2008,10
2008-11-01,55,0,34,45,40,27,0,45,CA,2008,11
2008-12-01,43,0,26,34,36,28,0,42,CA,2008,12
2009-01-01,50,0,32,37,37,31,21,52,CA,2009,1
2009-02-01,61,0,33,43,41,32,0,55,CA,2009,2
2009-03-01,55,0,31,41,39,36,16,58,CA,2009,3
2009-04-01,51,0,27,37,35,46,24,49,CA,2009,4
2009-05-01,43,0,26,32,31,45,0,38,CA,2009,5
2009-06-01,37,0,22,29,31,54,0,40,CA,2009,6
2009-07-01,27,0,18,29,32,58,0,37,CA,2009,7
2009-08-01,27,11,19,28,31,54,0,40,CA,2009,8
2009-09-01,57,0,33,40,34,51,0,42,CA,2009,9
2009-10-01,64,0,35,45,37,32,0,39,CA,2009,10
2009-11-01,61,0,36,44,38,32,21,44,CA,2009,11
2009-12-01,46,0,24,36,31,37,0,39,CA,2009,12
2010-01-01,53,0,31,38,34,31,0,54,CA,2010,1
2010-02-01,55,0,31,36,35,31,0,54,CA,2010,2
2010-03-01,57,0,30,39,38,36,0,57,CA,2010,3
2010-04-01,54,6,31,34,33,46,20,50,CA,2010,4
2010-05-01,41,6,25,32,30,43,0,40,CA,2010,5
2010-06-01,40,0,22,34,30,53,0,40,CA,2010,6
2010-07-01,24,0,15,28,27,47,0,40,CA,2010,7
2010-08-01,23,0,17,26,26,46,0,39,CA,2010,8
2010-09-01,49,0,31,37,29,42,0,39,CA,2010,9
2010-10-01,58,0,31,40,35,31,0,45,CA,2010,10
2010-11-01,55,0,30,36,37,27,0,41,CA,2010,11
2010-12-01,40,0,18,29,27,22,0,40,CA,2010,12
2011-01-01,60,0,33,42,40,36,16,57,CA,2011,1
2011-02-01,58,0,31,38,37,31,0,52,CA,2011,2
2011-03-01,54,0,28,41,37,33,14,49,CA,2011,3
2011-04-01,58,0,29,38,35,43,0,48,CA,2011,4
2011-05-01,48,0,27,36,31,49,0,44,CA,2011,5
2011-06-01,45,6,25,35,31,52,0,40,CA,2011,6
2011-07-01,26,0,15,28,27,51,0,38,CA,2011,7
2011-08-01,25,0,18,27,28,49,0,37,CA,2011,8
2011-09-01,53,0,27,37,32,41,0,39,CA,2011,9
2011-10-01,61,0,32,38,35,32,0,41,CA,2011,10
2011-11-01,65,0,33,40,38,28,0,42,CA,2011,11
2011-12-01,47,0,25,32,31,26,0,40,CA,2011,12
2012-01-01,55,0,30,36,34,31,0,49,CA,2012,1
2012-02-01,65,0,29,37,37,30,0,52,CA,2012,2
2012-03-01,53,0,27,36,33,35,0,47,CA,2012,3
2012-04-01,57,0,28,36,33,41,0,47,CA,2012,4
2012-05-01,48,0,26,30,30,46,0,45,CA,2012,5
2012-06-01,45,0,23,30,29,52,0,40,CA,2012,6
2012-07-01,27,0,15,26,26,50,0,37,CA,2012,7
2012-08-01,25,0,17,26,25,55,0,38,CA,2012,8
2012-09-01,60,0,31,36,31,45,0,41,CA,2012,9
2012-10-01,71,8,33,38,33,31,0,41,CA,2012,10
2012-11-01,70,0,32,36,32,25,0,40,CA,2012,11
2012-12-01,46,0,23,31,30,24,0,37,CA,2012,12
2013-01-01,51,6,26,31,32,29,14,40,CA,2013,1
2013-02-01,62,0,30,36,32,27,0,45,CA,2013,2
2013-03-01,54,0,24,33,31,32,0,42,CA,2013,3
2013-04-01,59,0,28,32,32,48,0,43,CA,2013,4
2013-05-01,47,6,25,27,29,43,0,39,CA,2013,5
2013-06-01,42,3,22,25,27,44,0,40,CA,2013,6
2013-07-01,27,9,18,25,26,50,0,40,CA,2013,7
2013-08-01,24,0,18,24,27,50,6,43,CA,2013,8
2013-09-01,57,0,31,32,30,39,0,43,CA,2013,9
2013-10-01,65,0,31,33,31,30,0,42,CA,2013,10
2013-11-01,61,0,30,34,29,25,0,39,CA,2013,11
2013-12-01,44,0,21,27,25,21,0,34,CA,2013,12
2014-01-01,54,0,26,28,30,29,0,38,CA,2014,1
2014-02-01,55,0,25,30,30,25,0,38,CA,2014,2
2014-03-01,51,0,24,30,31,30,0,43,CA,2014,3
2014-04-01,54,0,24,30,31,38,0,38,CA,2014,4
2014-05-01,46,0,22,25,27,43,5,35,CA,2014,5
2014-06-01,41,0,20,25,28,48,0,32,CA,2014,6
2014-07-01,23,0,16,23,24,44,0,33,CA,2014,7
2014-08-01,23,0,16,21,22,44,0,30,CA,2014,8
2014-09-01,50,0,32,30,28,39,8,32,CA,2014,9
2014-10-01,61,0,33,33,29,27,0,34,CA,2014,10
2014-11-01,59,0,32,30,30,24,0,34,CA,2014,11
2014-12-01,40,0,20,27,25,20,0,30,CA,2014,12
2015-01-01,56,0,31,28,26,26,0,38,CA,2015,1
2015-02-01,58,6,29,31,30,24,0,37,CA,2015,2
2015-03-01,53,0,26,28,27,28,0,38,CA,2015,3
2015-04-01,60,0,30,30,30,40,0,39,CA,2015,4
2015-05-01,42,0,25,24,24,37,6,32,CA,2015,5
2015-06-01,41,0,22,23,23,41,0,32,CA,2015,6
2015-07-01,24,0,14,22,22,46,0,33,CA,2015,7
2015-08-01,22,0,15,22,22,40,0,32,CA,2015,8
2015-09-01,54,0,35,32,29,39,0,34,CA,2015,9
2015-10-01,56,0,37,31,27,25,12,32,CA,2015,10
2015-11-01,58,0,36,29,28,20,0,31,CA,2015,11
2015-12-01,43,0,25,26,23,19,0,30,CA,2015,12
2016-01-01,51,0,31,25,27,24,0,36,CA,2016,1
2016-02-01,55,0,32,31,29,25,0,39,CA,2016,2
2016-03-01,49,3,27,27,28,28,0,39,CA,2016,3
2016-04-01,55,0,32,27,28,35,0,39,CA,2016,4
2016-05-01,44,6,28,23,25,37,0,36,CA,2016,5
2016-06-01,45,5,26,23,24,40,6,35,CA,2016,6
2016-07-01,22,0,14,19,20,45,0,31,CA,2016,7
2016-08-01,22,3,15,20,22,43,0,32,CA,2016,8
2016-09-01,51,0,38,27,26,33,0,35,CA,2016,9
2016-10-01,61,0,40,30,28,24,5,35,CA,2016,10
2016-11-01,60,0,42,30,29,22,0,34,CA,2016,11
2016-12-01,45,0,29,25,26,19,0,31,CA,2016,12
2017-01-01,50,0,33,25,31,29,0,40,CA,2017,1
2017-02-01,55,0,38,29,29,23,0,40,CA,2017,2
2017-03-01,55,0,33,28,31,27,0,42,CA,2017,3
2017-04-01,49,3,33,26,29,33,0,38,CA,2017,4
2017-05-01,44,0,34,23,28,35,0,35,CA,2017,5
2017-06-01,46,0,29,24,25,39,8,34,CA,2017,6
2017-07-01,24,0,15,22,23,40,0,32,CA,2017,7
2017-08-01,21,0,15,21,24,42,5,32,CA,2017,8
2017-09-01,51,0,45,26,25,37,0,33,CA,2017,9
2017-10-01,65,0,43,29,29,26,5,34,CA,2017,10
2017-11-01,63,0,43,27,27,20,8,32,CA,2017,11
2017-12-01,47,0,29,26,25,20,0,33,CA,2017,12
2018-01-01,51,0,36,26,28,29,0,43,CA,2018,1
2018-02-01,52,0,37,27,24,24,0,38,CA,2018,2
2018-03-01,50,0,34,26,29,29,0,40,CA,2018,3
2018-04-01,52,0,34,27,27,34,0,37,CA,2018,4
2018-05-01,47,0,33,24,25,38,0,33,CA,2018,5
2018-06-01,41,3,27,22,24,36,0,32,CA,2018,6
2018-07-01,22,0,13,20,24,44,0,31,CA,2018,7
2018-08-01,20,0,14,19,21,44,0,32,CA,2018,8
2018-09-01,55,0,41,26,23,39,0,33,CA,2018,9
2018-10-01,60,0,40,27,27,23,0,34,CA,2018,10
2018-11-01,59,4,43,30,28,24,0,36,CA,2018,11
2018-12-01,40,0,28,23,24,19,0,31,CA,2018,12
2019-01-01,49,0,35,24,26,28,0,40,CA,2019,1
2019-02-01,54,0,34,27,26,24,6,40,CA,2019,2
2019-03-01,48,0,31,25,26,33,5,41,CA,2019,3
2019-04-01,47,0,36,27,27,37,0,42,CA,2019,4
2019-05-01,44,0,33,24,25,38,20,35,CA,2019,5
2019-06-01,37,0,29,23,26,42,0,41,CA,2019,6
2019-07-01,22,0,12,20,25,44,0,33,CA,2019,7
2019-08-01,21,4,15,20,20,47,0,35,CA,2019,8
2019-09-01,49,0,42,27,25,45,0,38,CA,2019,9
2019-10-01,57,0,42,28,26,29,0,38,CA,2019,10
2019-11-01,53,0,41,28,26,25,7,38,CA,2019,11
2019-12-01,40,3,28,24,23,22,15,35,CA,2019,12
2020-01-01,51,0,35,26,25,27,0,45,CA,2020,1
2020-02-01,49,2,31,29,25,24,0,45,CA,2020,2
2020-03-01,46,0,36,26,23,20,0,42,CA,2020,3
2020-04-01,58,5,100,25,25,25,0,46,CA,2020,4
2020-05-01,56,0,76,22,25,37,0,49,CA,2020,5
2020-06-01,42,0,53,23,24,41,3,41,CA,2020,6
2020-07-01,29,0,18,23,27,41,0,45,CA,2020,7
2020-08-01,24,0,17,20,21,38,0,40,CA,2020,8
2020-09-01,52,0,57,27,24,43,0,37,CA,2020,9
2020-10-01,47,0,43,25,23,30,0,42,CA,2020,10
2020-11-01,51,4,38,24,24,27,0,39,CA,2020,11
2020-12-01,38,0,34,21,20,22,0,40,CA,2020,12
2005-01-01,100,0,100,100,100,62,0,74,CH,2005,1
2005-02-01,93,0,89,64,97,53,38,71,CH,2005,2
2005-03-01,88,0,83,53,89,62,39,77,CH,2005,3
2005-04-01,92,0,89,76,99,80,0,73,CH,2005,4
2005-05-01,94,0,72,71,98,87,0,97,CH,2005,5
2005-06-01,92,0,76,83,88,99,100,100,CH,2005,6
2005-07-01,60,75,63,58,77,100,0,81,CH,2005,7
2005-08-01,72,0,79,67,77,87,0,68,CH,2005,8
2005-09-01,87,0,87,64,83,74,61,87,CH,2005,9
2005-10-01,75,0,74,74,75,60,68,78,CH,2005,10
2005-11-01,97,0,81,62,87,56,0,71,CH,2005,11
2005-12-01,80,0,72,60,68,42,0,65,CH,2005,12
2006-01-01,84,0,83,83,77,63,0,76,CH,2006,1
2006-02-01,83,100,83,71,77,50,0,74,CH,2006,2
2006-03-01,85,0,82,58,69,58,0,79,CH,2006,3
2006-04-01,70,0,61,54,60,72,0,57,CH,2006,4
2006-05-01,77,0,71,76,72,73,33,85,CH,2006,5
2006-06-01,78,0,73,72,70,81,19,81,CH,2006,6
2006-07-01,53,39,51,61,63,74,34,73,CH,2006,7
2006-08-01,71,0,75,56,66,77,26,88,CH,2006,8
2006-09-01,74,0,76,53,64,70,0,88,CH,2006,9
2006-10-01,65,0,63,58,71,56,0,71,CH,2006,10
2006-11-01,83,0,85,68,73,51,0,81,CH,2006,11
2006-12-01,69,0,66,54,60,36,0,54,CH,2006,12
2007-01-01,77,0,72,61,69,54,0,66,CH,2007,1
2007-02-01,70,0,70,53,68,45,0,76,CH,2007,2
2007-03-01,73,20,73,54,66,54,0,60,CH,2007,3
2007-04-01,61,0,59,48,54,64,0,71,CH,2007,4
2007-05-01,68,0,62,57,57,70,0,70,CH,2007,5
2007-06-01,66,0,66,49,60,79,0,59,CH,2007,6
2007-07-01,49,0,53,49,49,76,0,71,CH,2007,7
2007-08-01,53,0,63,42,50,67,0,70,CH,2007,8
2007-09-01,64,0,68,51,51,62,0,66,CH,2007,9
2007-10-01,68,0,59,50,53,53,0,62,CH,2007,10
2007-11-01,85,14,67,61,61,49,34,76,CH,2007,11
2007-12-01,56,0,50,45,44,33,0,42,CH,2007,12
2008-01-01,61,0,65,43,49,48,0,63,CH,2008,1
2008-02-01,61,0,61,39,48,40,10,60,CH,2008,2
2008-03-01,58,0,60,35,45,46,0,59,CH,2008,3
2008-04-01,63,0,61,44,47,54,0,60,CH,2008,4
2008-05-01,64,0,55,42,46,62,0,59,CH,2008,5
2008-06-01,54,0,58,41,44,66,0,57,CH,2008,6
2008-07-01,37,0,37,32,36,58,0,48,CH,2008,7
2008-08-01,45,0,57,38,39,64,0,56,CH,2008,8
2008-09-01,57,0,55,42,46,54,13,57,CH,2008,9
2008-10-01,64,0,50,40,43,39,0,50,CH,2008,10
2008-11-01,71,0,57,42,43,37,16,51,CH,2008,11
2008-12-01,47,0,44,35,38,27,0,43,CH,2008,12
2009-01-01,57,14,53,35,43,39,11,51,CH,2009,1
2009-02-01,53,0,55,41,42,35,0,46,CH,2009,2
2009-03-01,74,10,56,34,40,40,0,56,CH,2009,3
2009-04-01,47,0,46,34,36,49,0,47,CH,2009,4
2009-05-01,58,0,47,40,36,57,0,43,CH,2009,5
2009-06-01,49,0,46,28,36,73,0,48,CH,2009,6
2009-07-01,31,0,36,32,31,67,0,56,CH,2009,7
2009-08-01,40,0,47,30,31,54,0,46,CH,2009,8
2009-09-01,54,0,51,32,34,56,0,45,CH,2009,9
2009-10-01,56,0,47,31,36,37,0,46,CH,2009,10
2009-11-01,65,0,53,40,40,35,0,44,CH,2009,11
2009-12-01,50,0,39,31,31,28,0,43,CH,2009,12
2010-01-01,57,0,45,34,32,35,0,45,CH,2010,1
2010-02-01,46,0,45,26,35,30,8,43,CH,2010,2
2010-03-01,62,0,48,40,36,35,0,54,CH,2010,3
2010-04-01,48,0,41,28,35,42,0,42,CH,2010,4
2010-05-01,54,0,47,34,32,45,0,46,CH,2010,5
2010-06-01,54,0,43,36,33,47,0,43,CH,2010,6
2010-07-01,27,0,26,22,25,42,0,35,CH,2010,7
2010-08-01,35,12,38,22,28,41,9,45,CH,2010,8
2010-09-01,47,0,44,23,26,41,0,43,CH,2010,9
2010-10-01,52,31,38,27,30,34,0,37,CH,2010,10
2010-11-01,59,0,43,30,33,31,0,38,CH,2010,11
2010-12-01,42,0,33,23,28,22,0,36,CH,2010,12
2011-01-01,62,8,46,37,36,41,10,52,CH,2011,1
2011-02-01,51,0,44,30,32,30,0,41,CH,2011,2
2011-03-01,60,10,46,32,36,36,0,44,CH,2011,3
2011-04-01,48,0,39,30,31,46,0,44,CH,2011,4
2011-05-01,63,0,44,35,35,56,0,48,CH,2011,5
2011-06-01,53,0,42,26,32,57,0,44,CH,2011,6
2011-07-01,32,0,31,21,28,48,0,41,CH,2011,7
2011-08-01,41,0,42,23,29,43,0,46,CH,2011,8
2011-09-01,49,0,45,28,32,46,0,47,CH,2011,9
2011-10-01,61,0,40,29,34,35,0,48,CH,2011,10
2011-11-01,64,0,48,32,34,38,4,49,CH,2011,11
2011-12-01,50,0,39,24,28,27,0,38,CH,2011,12
2012-01-01,58,4,45,29,32,36,0,45,CH,2012,1
2012-02-01,52,0,38,28,31,27,0,45,CH,2012,2
2012-03-01,57,0,42,27,30,38,0,40,CH,2012,3
2012-04-01,51,6,38,28,32,44,0,48,CH,2012,4
2012-05-01,56,0,41,28,31,47,0,43,CH,2012,5
2012-06-01,50,0,39,27,29,54,5,41,CH,2012,6
2012-07-01,30,0,29,23,25,52,0,43,CH,2012,7
2012-08-01,40,0,37,21,27,60,0,41,CH,2012,8
2012-09-01,54,0,43,28,30,43,0,46,CH,2012,9
2012-10-01,58,0,38,27,32,36,0,46,CH,2012,10
2012-11-01,71,0,46,31,33,31,0,42,CH,2012,11
2012-12-01,50,0,34,24,28,24,0,36,CH,2012,12
2013-01-01,58,0,40,24,27,32,0,45,CH,2013,1
2013-02-01,54,0,39,26,30,28,0,43,CH,2013,2
2013-03-01,57,0,42,26,27,34,0,42,CH,2013,3
2013-04-01,47,0,33,24,29,43,0,44,CH,2013,4
2013-05-01,52,13,38,25,28,45,0,42,CH,2013,5
2013-06-01,51,0,34,23,26,52,0,39,CH,2013,6
2013-07-01,27,0,24,16,23,49,3,39,CH,2013,7
2013-08-01,35,3,33,20,23,40,0,37,CH,2013,8
2013-09-01,49,0,41,22,25,40,0,40,CH,2013,9
2013-10-01,52,0,35,26,27,32,0,42,CH,2013,10
2013-11-01,57,0,43,24,28,25,0,39,CH,2013,11
2013-12-01,45,4,31,21,23,22,0,32,CH,2013,12
2014-01-01,52,0,41,23,25,36,0,38,CH,2014,1
2014-02-01,43,0,33,22,24,26,0,41,CH,2014,2
2014-03-01,51,0,40,24,27,34,0,40,CH,2014,3
2014-04-01,42,0,31,23,26,40,0,38,CH,2014,4
2014-05-01,48,0,36,25,26,45,0,39,CH,2014,5
2014-06-01,45,0,33,22,26,45,0,40,CH,2014,6
2014-07-01,25,0,23,19,22,38,4,37,CH,2014,7
2014-08-01,34,0,32,18,23,40,0,37,CH,2014,8
2014-09-01,48,0,40,23,24,37,0,40,CH,2014,9
2014-10-01,51,5,36,25,28,35,0,44,CH,2014,10
2014-11-01,56,0,42,23,29,34,0,37,CH,2014,11
2014-12-01,41,0,30,20,22,22,0,32,CH,2014,12
2015-01-01,63,14,37,24,26,28,0,40,CH,2015,1
2015-02-01,45,6,35,22,26,26,0,41,CH,2015,2
2015-03-01,55,0,42,25,25,32,0,40,CH,2015,3
2015-04-01,46,0,35,24,27,38,0,40,CH,2015,4
2015-05-01,48,0,33,21,25,38,0,39,CH,2015,5
2015-06-01,39,0,34,19,24,43,0,37,CH,2015,6
2015-07-01,23,0,20,16,20,38,0,38,CH,2015,7
2015-08-01,33,0,32,17,21,36,3,37,CH,2015,8
2015-09-01,47,0,39,21,23,39,0,38,CH,2015,9
2015-10-01,46,0,30,21,23,26,0,34,CH,2015,10
2015-11-01,52,0,33,24,23,25,0,32,CH,2015,11
2015-12-01,38,3,26,19,21,18,0,32,CH,2015,12
2016-01-01,55,0,42,24,26,29,0,39,CH,2016,1
2016-02-01,48,16,40,24,27,28,0,44,CH,2016,2
2016-03-01,54,2,40,21,26,30,0,38,CH,2016,3
2016-04-01,50,0,39,22,26,37,0,42,CH,2016,4
2016-05-01,56,0,41,22,25,44,0,36,CH,2016,5
2016-06-01,51,5,42,24,29,41,0,41,CH,2016,6
2016-07-01,27,3,23,16,21,41,0,35,CH,2016,7
2016-08-01,33,4,31,16,22,42,0,35,CH,2016,8
2016-09-01,47,0,42,23,24,37,0,40,CH,2016,9
2016-10-01,52,0,36,23,26,30,6,37,CH,2016,10
2016-11-01,62,0,41,26,28,26,0,37,CH,2016,11
2016-12-01,43,0,31,19,24,22,2,30,CH,2016,12
2017-01-01,54,0,41,23,26,37,0,37,CH,2017,1
2017-02-01,46,3,35,20,25,26,0,34,CH,2017,2
2017-03-01,56,0,43,22,25,35,0,35,CH,2017,3
2017-04-01,42,4,31,19,24,38,2,33,CH,2017,4
2017-05-01,51,0,40,21,26,36,0,39,CH,2017,5
2017-06-01,45,20,34,23,24,47,0,40,CH,2017,6
2017-07-01,28,0,23,17,20,50,0,36,CH,2017,7
2017-08-01,37,0,37,19,22,43,0,35,CH,2017,8
2017-09-01,48,0,47,21,24,36,0,37,CH,2017,9
2017-10-01,50,0,38,22,26,34,0,43,CH,2017,10
2017-11-01,60,5,44,24,25,26,0,41,CH,2017,11
2017-12-01,45,0,32,19,24,21,0,32,CH,2017,12
2018-01-01,58,0,44,23,26,38,0,42,CH,2018,1
2018-02-01,45,0,35,20,24,27,0,35,CH,2018,2
2018-03-01,54,0,41,21,26,35,0,41,CH,2018,3
2018-04-01,42,0,33,21,23,39,0,36,CH,2018,4
2018-05-01,51,0,39,22,23,41,0,39,CH,2018,5
2018-06-01,46,0,34,19,24,45,0,36,CH,2018,6
2018-07-01,23,7,22,15,19,43,0,33,CH,2018,7
2018-08-01,33,0,36,16,19,39,0,33,CH,2018,8
2018-09-01,46,0,45,19,22,38,0,33,CH,2018,9
2018-10-01,48,0,35,22,23,33,0,40,CH,2018,10
2018-11-01,59,0,47,24,25,34,0,35,CH,2018,11
2018-12-01,42,0,31,16,20,20,0,29,CH,2018,12
2019-01-01,53,3,43,23,24,34,0,41,CH,2019,1
2019-02-01,43,0,38,21,24,26,0,41,CH,2019,2
2019-03-01,48,0,41,20,24,35,0,40,CH,2019,3
2019-04-01,44,0,39,20,23,38,0,38,CH,2019,4
2019-05-01,49,2,39,23,23,51,0,39,CH,2019,5
2019-06-01,43,0,33,19,22,57,0,40,CH,2019,6
2019-07-01,24,0,21,15,18,51,0,37,CH,2019,7
2019-08-01,33,0,34,15,19,40,0,37,CH,2019,8
2019-09-01,47,0,44,21,21,45,0,42,CH,2019,9
2019-10-01,46,4,44,21,23,34,0,42,CH,2019,10
2019-11-01,50,0,45,22,23,32,0,38,CH,2019,11
2019-12-01,41,3,30,17,21,25,0,28,CH,2019,12
2020-01-01,51,0,42,19,23,37,0,39,CH,2020,1
2020-02-01,43,0,35,19,21,25,0,38,CH,2020,2
2020-03-01,53,0,53,19,20,23,0,43,CH,2020,3
2020-04-01,48,0,45,17,20,34,0,35,CH,2020,4
2020-05-01,45,0,41,21,21,36,0,37,CH,2020,5
2020-06-01,39,0,38,18,20,34,0,37,CH,2020,6
2020-07-01,28,0,21,17,18,36,2,40,CH,2020,7
2020-08-01,37,0,38,18,19,36,0,37,CH,2020,8
2020-09-01,47,0,45,19,21,44,0,40,CH,2020,9
2020-10-01,43,0,38,18,22,35,0,36,CH,2020,10
2020-11-01,48,3,44,17,23,28,1,38,CH,2020,11
2020-12-01,41,0,29,15,20,21,0,30,CH,2020,12
